0.000 -0.000 0.319 -0.000 0.474 0.000 0.155 0.000
0.010 -0.000 0.319 -0.000 0.474 0.000 0.155 0.000
0.060 0.003 0.319 -0.001 0.474 -0.003 0.155 0.000
0.110 0.012 0.319 -0.004 0.474 -0.009 0.155 0.001
0.160 0.022 0.319 -0.008 0.474 -0.017 0.155 0.003
0.210 0.032 0.319 -0.012 0.474 -0.024 0.155 0.004
0.260 0.039 0.319 -0.015 0.474 -0.030 0.155 0.005
0.310 0.047 0.319 -0.018 0.474 -0.036 0.155 0.006
0.360 0.055 0.319 -0.021 0.474 -0.042 0.155 0.007
0.410 0.063 0.319 -0.024 0.474 -0.049 0.156 0.008
0.460 0.071 0.319 -0.027 0.474 -0.055 0.156 0.009
0.510 0.079 0.319 -0.030 0.474 -0.061 0.156 0.010
0.560 0.087 0.319 -0.033 0.474 -0.067 0.156 0.011
0.610 0.094 0.319 -0.036 0.474 -0.073 0.156 0.012
0.660 0.102 0.318 -0.039 0.474 -0.079 0.156 0.013
0.710 0.110 0.318 -0.042 0.474 -0.085 0.157 0.014
0.760 0.118 0.318 -0.045 0.474 -0.091 0.157 0.015
0.810 0.125 0.318 -0.048 0.474 -0.096 0.157 0.016
0.860 0.133 0.318 -0.051 0.474 -0.102 0.157 0.017
0.910 0.141 0.318 -0.054 0.474 -0.108 0.158 0.018
0.960 0.148 0.318 -0.057 0.474 -0.114 0.158 0.019
1.010 0.156 0.318 -0.060 0.474 -0.120 0.158 0.020
1.060 0.164 0.317 -0.063 0.474 -0.126 0.159 0.021
1.110 0.171 0.317 -0.067 0.474 -0.132 0.159 0.022
1.160 0.179 0.317 -0.070 0.474 -0.137 0.159 0.023
1.210 0.186 0.317 -0.073 0.474 -0.143 0.160 0.024
1.260 0.194 0.317 -0.076 0.474 -0.149 0.160 0.025
1.310 0.201 0.317 -0.079 0.474 -0.154 0.160 0.026
1.360 0.208 0.316 -0.082 0.474 -0.160 0.161 0.028
1.410 0.216 0.316 -0.085 0.474 -0.166 0.161 0.029
1.460 0.223 0.316 -0.088 0.474 -0.171 0.162 0.030
1.510 0.230 0.316 -0.092 0.474 -0.177 0.162 0.031
1.560 0.238 0.315 -0.095 0.474 -0.182 0.163 0.032
1.610 0.245 0.315 -0.098 0.474 -0.188 0.163 0.034
1.660 0.252 0.315 -0.101 0.474 -0.193 0.164 0.035
1.710 0.259 0.315 -0.104 0.474 -0.198 0.164 0.036
1.760 0.266 0.314 -0.108 0.474 -0.204 0.165 0.038
1.810 0.273 0.314 -0.111 0.474 -0.209 0.165 0.039
1.860 0.280 0.314 -0.114 0.474 -0.214 0.166 0.040
1.910 0.287 0.313 -0.117 0.474 -0.219 0.167 0.041
1.960 0.293 0.313 -0.121 0.474 -0.224 0.167 0.043
2.010 0.300 0.313 -0.124 0.474 -0.229 0.168 0.044
2.060 0.307 0.312 -0.127 0.474 -0.234 0.169 0.046
2.110 0.313 0.312 -0.131 0.474 -0.239 0.169 0.047
2.160 0.320 0.312 -0.134 0.474 -0.244 0.170 0.048
2.210 0.326 0.311 -0.137 0.474 -0.249 0.171 0.050
2.260 0.333 0.311 -0.141 0.474 -0.254 0.172 0.051
2.310 0.339 0.310 -0.144 0.474 -0.258 0.172 0.053
2.360 0.345 0.310 -0.147 0.474 -0.263 0.173 0.054
2.410 0.351 0.310 -0.151 0.474 -0.268 0.174 0.056
2.460 0.358 0.309 -0.154 0.474 -0.272 0.175 0.057
2.510 0.364 0.309 -0.158 0.474 -0.276 0.176 0.059
2.560 0.370 0.308 -0.161 0.474 -0.281 0.176 0.060
2.610 0.376 0.308 -0.164 0.474 -0.285 0.177 0.062
2.660 0.381 0.307 -0.168 0.474 -0.289 0.178 0.064
2.710 0.387 0.307 -0.171 0.474 -0.293 0.179 0.065
2.760 0.393 0.306 -0.175 0.474 -0.297 0.180 0.067
2.810 0.398 0.306 -0.178 0.474 -0.301 0.181 0.068
2.860 0.404 0.305 -0.182 0.474 -0.305 0.182 0.070
2.910 0.409 0.304 -0.185 0.474 -0.309 0.183 0.072
2.960 0.415 0.304 -0.189 0.474 -0.312 0.184 0.073
3.010 0.420 0.303 -0.193 0.474 -0.316 0.185 0.075
3.060 0.425 0.303 -0.196 0.474 -0.319 0.186 0.076
3.110 0.430 0.302 -0.200 0.474 -0.323 0.187 0.078
3.160 0.435 0.301 -0.203 0.474 -0.326 0.188 0.080
3.210 0.440 0.301 -0.207 0.474 -0.329 0.189 0.081
3.260 0.445 0.300 -0.210 0.474 -0.332 0.191 0.083
3.310 0.449 0.299 -0.214 0.474 -0.335 0.192 0.085
3.360 0.454 0.299 -0.218 0.474 -0.338 0.193 0.086
3.410 0.459 0.298 -0.221 0.474 -0.341 0.194 0.088
3.460 0.463 0.297 -0.225 0.474 -0.343 0.195 0.089
3.510 0.467 0.296 -0.228 0.474 -0.346 0.196 0.091
3.560 0.472 0.296 -0.232 0.474 -0.348 0.198 0.093
3.610 0.476 0.295 -0.236 0.474 -0.351 0.199 0.094
3.660 0.480 0.294 -0.239 0.474 -0.353 0.200 0.096
3.710 0.484 0.293 -0.243 0.474 -0.355 0.201 0.097
3.760 0.488 0.292 -0.247 0.474 -0.357 0.203 0.099
3.810 0.492 0.291 -0.250 0.474 -0.359 0.204 0.100
3.860 0.495 0.291 -0.254 0.474 -0.361 0.205 0.102
3.910 0.499 0.290 -0.257 0.474 -0.362 0.207 0.103
3.960 0.502 0.289 -0.261 0.474 -0.364 0.208 0.105
4.010 0.506 0.288 -0.265 0.474 -0.365 0.209 0.106
4.060 0.509 0.287 -0.268 0.474 -0.367 0.211 0.108
4.110 0.512 0.286 -0.272 0.474 -0.368 0.212 0.109
4.160 0.516 0.285 -0.275 0.474 -0.369 0.213 0.110
4.210 0.519 0.284 -0.279 0.474 -0.370 0.215 0.112
4.260 0.522 0.283 -0.282 0.474 -0.371 0.216 0.113
4.310 0.524 0.282 -0.286 0.474 -0.371 0.218 0.114
4.360 0.527 0.281 -0.289 0.474 -0.372 0.219 0.115
4.410 0.530 0.280 -0.293 0.474 -0.373 0.221 0.116
4.460 0.533 0.279 -0.296 0.474 -0.373 0.222 0.118
4.510 0.535 0.277 -0.300 0.474 -0.373 0.223 0.119
4.560 0.537 0.276 -0.303 0.474 -0.373 0.225 0.120
4.610 0.540 0.275 -0.306 0.474 -0.374 0.226 0.121
4.660 0.542 0.274 -0.310 0.474 -0.374 0.228 0.122
4.710 0.544 0.273 -0.313 0.474 -0.374 0.229 0.122
4.760 0.546 0.272 -0.316 0.474 -0.373 0.231 0.123
4.810 0.548 0.270 -0.319 0.474 -0.373 0.232 0.124
4.860 0.550 0.269 -0.323 0.474 -0.373 0.234 0.125
4.910 0.552 0.268 -0.326 0.474 -0.372 0.235 0.126
4.960 0.554 0.267 -0.329 0.474 -0.371 0.237 0.126
5.010 0.555 0.265 -0.332 0.474 -0.371 0.238 0.127
5.060 0.557 0.264 -0.335 0.474 -0.370 0.240 0.127
5.110 0.558 0.263 -0.338 0.474 -0.369 0.241 0.128
5.160 0.560 0.262 -0.341 0.474 -0.368 0.243 0.128
5.210 0.561 0.260 -0.343 0.474 -0.367 0.244 0.128
5.260 0.562 0.259 -0.346 0.474 -0.365 0.246 0.129
5.310 0.563 0.258 -0.349 0.474 -0.364 0.247 0.129
5.360 0.564 0.256 -0.352 0.474 -0.363 0.249 0.129
5.410 0.565 0.255 -0.354 0.474 -0.361 0.250 0.129
5.460 0.566 0.253 -0.357 0.474 -0.359 0.252 0.129
5.510 0.567 0.252 -0.359 0.474 -0.358 0.253 0.129
5.560 0.568 0.251 -0.362 0.474 -0.356 0.254 0.129
5.610 0.568 0.249 -0.364 0.474 -0.354 0.256 0.129
5.660 0.569 0.248 -0.366 0.474 -0.352 0.257 0.128
5.710 0.570 0.246 -0.368 0.474 -0.350 0.259 0.128
5.760 0.570 0.245 -0.370 0.474 -0.348 0.260 0.128
5.810 0.570 0.243 -0.373 0.474 -0.346 0.262 0.127
5.860 0.571 0.242 -0.374 0.474 -0.344 0.263 0.127
5.910 0.571 0.241 -0.376 0.474 -0.342 0.264 0.126
5.960 0.571 0.239 -0.378 0.474 -0.339 0.266 0.125
6.010 0.571 0.238 -0.380 0.474 -0.337 0.267 0.125
6.060 0.571 0.236 -0.381 0.474 -0.334 0.269 0.124
6.110 0.571 0.235 -0.383 0.474 -0.332 0.270 0.123
6.160 0.571 0.233 -0.384 0.474 -0.329 0.271 0.122
6.210 0.571 0.232 -0.386 0.474 -0.327 0.273 0.121
6.260 0.571 0.230 -0.387 0.474 -0.324 0.274 0.120
6.310 0.570 0.229 -0.388 0.474 -0.321 0.275 0.118
6.360 0.570 0.227 -0.389 0.474 -0.318 0.277 0.117
6.410 0.569 0.226 -0.390 0.474 -0.315 0.278 0.116
6.460 0.569 0.224 -0.391 0.474 -0.312 0.279 0.114
6.510 0.568 0.223 -0.391 0.474 -0.310 0.280 0.113
6.560 0.568 0.221 -0.392 0.474 -0.307 0.282 0.111
6.610 0.567 0.220 -0.393 0.474 -0.303 0.283 0.109
6.660 0.566 0.218 -0.393 0.474 -0.300 0.284 0.107
6.710 0.565 0.217 -0.393 0.474 -0.297 0.285 0.105
6.760 0.565 0.215 -0.393 0.474 -0.294 0.286 0.103
6.810 0.564 0.214 -0.393 0.474 -0.291 0.288 0.101
6.860 0.563 0.212 -0.393 0.474 -0.288 0.289 0.099
6.910 0.562 0.211 -0.393 0.474 -0.285 0.290 0.097
6.960 0.561 0.210 -0.393 0.474 -0.281 0.291 0.094
7.010 0.560 0.208 -0.392 0.474 -0.278 0.292 0.092
7.060 0.558 0.207 -0.392 0.474 -0.275 0.293 0.089
7.110 0.557 0.205 -0.391 0.474 -0.271 0.294 0.087
7.160 0.556 0.204 -0.390 0.474 -0.268 0.295 0.084
7.210 0.555 0.202 -0.390 0.474 -0.265 0.296 0.081
7.260 0.553 0.201 -0.388 0.474 -0.261 0.297 0.078
7.310 0.552 0.200 -0.387 0.474 -0.258 0.298 0.075
7.360 0.551 0.198 -0.386 0.474 -0.254 0.299 0.072
7.410 0.549 0.197 -0.385 0.474 -0.251 0.300 0.069
7.460 0.548 0.196 -0.383 0.474 -0.247 0.301 0.065
7.510 0.547 0.194 -0.382 0.474 -0.244 0.302 0.062
7.560 0.545 0.193 -0.380 0.474 -0.241 0.303 0.058
7.610 0.544 0.192 -0.378 0.474 -0.237 0.304 0.055
7.660 0.542 0.190 -0.376 0.474 -0.234 0.305 0.051
7.710 0.540 0.189 -0.374 0.474 -0.230 0.305 0.047
7.760 0.539 0.188 -0.372 0.474 -0.227 0.306 0.043
7.810 0.537 0.186 -0.369 0.474 -0.223 0.307 0.039
7.860 0.536 0.185 -0.367 0.474 -0.220 0.308 0.035
7.910 0.534 0.184 -0.364 0.474 -0.216 0.309 0.031
7.960 0.532 0.183 -0.362 0.474 -0.213 0.309 0.027
8.010 0.531 0.182 -0.359 0.474 -0.209 0.310 0.022
8.060 0.529 0.180 -0.356 0.474 -0.206 0.311 0.018
8.110 0.527 0.179 -0.353 0.474 -0.203 0.312 0.013
8.160 0.526 0.178 -0.350 0.474 -0.199 0.312 0.009
8.210 0.524 0.177 -0.347 0.474 -0.196 0.313 0.004
8.260 0.523 0.176 -0.343 0.474 -0.192 0.314 -0.001
8.310 0.521 0.175 -0.340 0.474 -0.189 0.314 -0.006
8.360 0.519 0.174 -0.336 0.474 -0.185 0.315 -0.011
8.410 0.518 0.173 -0.333 0.474 -0.182 0.316 -0.016
8.460 0.516 0.172 -0.329 0.474 -0.179 0.316 -0.021
8.510 0.514 0.171 -0.325 0.474 -0.175 0.317 -0.027
8.560 0.513 0.170 -0.321 0.474 -0.172 0.317 -0.032
8.610 0.511 0.169 -0.317 0.474 -0.169 0.318 -0.038
8.660 0.509 0.168 -0.313 0.474 -0.165 0.318 -0.043
8.710 0.508 0.167 -0.309 0.474 -0.162 0.319 -0.049
8.760 0.506 0.166 -0.305 0.474 -0.159 0.319 -0.055
8.810 0.505 0.165 -0.300 0.474 -0.155 0.320 -0.061
8.860 0.503 0.164 -0.296 0.474 -0.152 0.320 -0.067
8.910 0.502 0.163 -0.291 0.474 -0.149 0.321 -0.073
8.960 0.500 0.163 -0.287 0.474 -0.146 0.321 -0.079
9.010 0.498 0.162 -0.282 0.474 -0.142 0.322 -0.085
9.060 0.497 0.161 -0.277 0.474 -0.139 0.322 -0.091
9.110 0.496 0.160 -0.272 0.474 -0.136 0.322 -0.097
9.160 0.494 0.159 -0.268 0.474 -0.133 0.323 -0.104
9.210 0.493 0.159 -0.263 0.474 -0.130 0.323 -0.110
9.260 0.491 0.158 -0.258 0.474 -0.126 0.324 -0.117
9.310 0.490 0.157 -0.252 0.474 -0.123 0.324 -0.123
9.360 0.488 0.157 -0.247 0.474 -0.120 0.324 -0.130
9.410 0.487 0.156 -0.242 0.474 -0.117 0.325 -0.137
9.460 0.486 0.155 -0.237 0.474 -0.114 0.325 -0.144
9.510 0.484 0.155 -0.231 0.474 -0.111 0.325 -0.151
9.560 0.483 0.154 -0.226 0.474 -0.108 0.326 -0.158
9.610 0.482 0.153 -0.221 0.474 -0.105 0.326 -0.165
9.660 0.480 0.153 -0.215 0.474 -0.102 0.326 -0.172
9.710 0.479 0.152 -0.209 0.474 -0.099 0.327 -0.179
9.760 0.478 0.152 -0.204 0.474 -0.096 0.327 -0.186
9.810 0.477 0.151 -0.198 0.474 -0.093 0.327 -0.193
9.860 0.476 0.151 -0.193 0.474 -0.090 0.327 -0.200
9.910 0.474 0.150 -0.187 0.474 -0.087 0.328 -0.208
9.960 0.473 0.150 -0.181 0.474 -0.084 0.328 -0.215
10.010 0.472 0.149 -0.175 0.474 -0.081 0.328 -0.222
10.060 0.471 0.149 -0.169 0.474 -0.078 0.328 -0.230
10.110 0.470 0.149 -0.163 0.474 -0.075 0.328 -0.237
10.160 0.469 0.148 -0.158 0.474 -0.072 0.329 -0.245
10.210 0.468 0.148 -0.152 0.474 -0.069 0.329 -0.253
10.260 0.467 0.147 -0.146 0.474 -0.066 0.329 -0.260
10.310 0.466 0.147 -0.140 0.474 -0.063 0.329 -0.268
10.360 0.465 0.147 -0.134 0.474 -0.060 0.329 -0.276
10.410 0.464 0.146 -0.127 0.474 -0.057 0.329 -0.283
10.460 0.463 0.146 -0.121 0.474 -0.054 0.330 -0.291
10.510 0.462 0.146 -0.115 0.474 -0.052 0.330 -0.299
10.560 0.461 0.146 -0.109 0.474 -0.049 0.330 -0.307
10.610 0.460 0.145 -0.103 0.474 -0.046 0.330 -0.315
10.660 0.459 0.145 -0.097 0.474 -0.043 0.330 -0.322
10.710 0.458 0.145 -0.091 0.474 -0.040 0.330 -0.330
10.760 0.457 0.145 -0.084 0.474 -0.037 0.330 -0.338
10.810 0.456 0.144 -0.078 0.474 -0.035 0.330 -0.346
10.860 0.455 0.144 -0.072 0.474 -0.032 0.330 -0.354
10.910 0.454 0.144 -0.066 0.474 -0.029 0.331 -0.362
10.960 0.453 0.144 -0.059 0.474 -0.026 0.331 -0.370
11.010 0.453 0.144 -0.053 0.474 -0.023 0.331 -0.378
11.060 0.452 0.144 -0.047 0.474 -0.021 0.331 -0.386
11.110 0.451 0.144 -0.040 0.474 -0.018 0.331 -0.394
11.160 0.450 0.143 -0.034 0.474 -0.015 0.331 -0.402
11.210 0.449 0.143 -0.028 0.474 -0.012 0.331 -0.410
11.260 0.448 0.143 -0.021 0.474 -0.009 0.331 -0.418
11.310 0.448 0.143 -0.015 0.474 -0.007 0.331 -0.426
11.360 0.447 0.143 -0.009 0.474 -0.004 0.331 -0.435
11.410 0.446 0.143 -0.002 0.474 -0.001 0.331 -0.443
11.460 0.445 0.143 0.004 0.474 0.002 0.331 -0.451
11.510 0.444 0.143 0.010 0.474 0.005 0.331 -0.459
11.560 0.443 0.143 0.017 0.474 0.007 0.331 -0.467
11.610 0.443 0.143 0.023 0.474 0.010 0.331 -0.475
11.660 0.442 0.143 0.029 0.474 0.013 0.331 -0.483
11.710 0.441 0.143 0.036 0.474 0.016 0.331 -0.491
11.760 0.440 0.144 0.042 0.474 0.018 0.331 -0.499
11.810 0.439 0.144 0.048 0.474 0.021 0.331 -0.507
11.860 0.438 0.144 0.055 0.474 0.024 0.331 -0.515
11.910 0.438 0.144 0.061 0.474 0.027 0.331 -0.523
11.960 0.437 0.144 0.067 0.474 0.030 0.330 -0.531
12.010 0.436 0.144 0.073 0.474 0.033 0.330 -0.539
12.060 0.435 0.144 0.080 0.474 0.035 0.330 -0.547
12.110 0.434 0.145 0.086 0.474 0.038 0.330 -0.555
12.160 0.433 0.145 0.092 0.474 0.041 0.330 -0.563
12.210 0.432 0.145 0.098 0.474 0.044 0.330 -0.571
12.260 0.431 0.145 0.104 0.474 0.047 0.330 -0.579
12.310 0.430 0.146 0.111 0.474 0.049 0.330 -0.587
12.360 0.429 0.146 0.117 0.474 0.052 0.330 -0.594
12.410 0.429 0.146 0.123 0.474 0.055 0.330 -0.602
12.460 0.428 0.146 0.129 0.474 0.058 0.329 -0.610
12.510 0.427 0.147 0.135 0.474 0.061 0.329 -0.618
12.560 0.426 0.147 0.141 0.474 0.064 0.329 -0.626
12.610 0.425 0.147 0.147 0.474 0.067 0.329 -0.633
12.660 0.424 0.148 0.153 0.474 0.070 0.329 -0.641
12.710 0.423 0.148 0.159 0.474 0.073 0.329 -0.648
12.760 0.421 0.149 0.165 0.474 0.075 0.328 -0.656
12.810 0.420 0.149 0.171 0.474 0.078 0.328 -0.663
12.860 0.419 0.150 0.177 0.474 0.081 0.328 -0.671
12.910 0.418 0.150 0.182 0.474 0.084 0.328 -0.678
12.960 0.417 0.150 0.188 0.474 0.087 0.327 -0.686
13.010 0.416 0.151 0.194 0.474 0.090 0.327 -0.693
13.060 0.415 0.151 0.200 0.474 0.093 0.327 -0.700
13.110 0.414 0.152 0.205 0.474 0.096 0.327 -0.708
13.160 0.412 0.152 0.211 0.474 0.099 0.326 -0.715
13.210 0.411 0.153 0.216 0.474 0.102 0.326 -0.722
13.260 0.410 0.154 0.222 0.474 0.105 0.326 -0.729
13.310 0.409 0.154 0.227 0.474 0.108 0.326 -0.736
13.360 0.407 0.155 0.233 0.474 0.111 0.325 -0.743
13.410 0.406 0.155 0.238 0.474 0.115 0.325 -0.750
13.460 0.405 0.156 0.243 0.474 0.118 0.325 -0.757
13.510 0.404 0.157 0.248 0.474 0.121 0.324 -0.763
13.560 0.402 0.157 0.253 0.474 0.124 0.324 -0.770
13.610 0.401 0.158 0.259 0.474 0.127 0.324 -0.777
13.660 0.399 0.159 0.264 0.474 0.130 0.323 -0.783
13.710 0.398 0.160 0.269 0.474 0.133 0.323 -0.790
13.760 0.397 0.160 0.273 0.474 0.136 0.322 -0.796
13.810 0.395 0.161 0.278 0.474 0.140 0.322 -0.802
13.860 0.394 0.162 0.283 0.474 0.143 0.322 -0.809
13.910 0.392 0.163 0.288 0.474 0.146 0.321 -0.815
13.960 0.391 0.164 0.292 0.474 0.149 0.321 -0.821
14.010 0.389 0.164 0.297 0.474 0.153 0.320 -0.827
14.060 0.388 0.165 0.301 0.474 0.156 0.320 -0.833
14.110 0.386 0.166 0.305 0.474 0.159 0.319 -0.839
14.160 0.385 0.167 0.310 0.474 0.162 0.319 -0.845
14.210 0.383 0.168 0.314 0.474 0.166 0.318 -0.850
14.260 0.381 0.169 0.318 0.474 0.169 0.318 -0.856
14.310 0.380 0.170 0.322 0.474 0.172 0.317 -0.861
14.360 0.378 0.171 0.326 0.474 0.176 0.317 -0.867
14.410 0.377 0.172 0.330 0.474 0.179 0.316 -0.872
14.460 0.375 0.173 0.333 0.474 0.183 0.315 -0.877
14.510 0.373 0.174 0.337 0.474 0.186 0.315 -0.883
14.560 0.372 0.175 0.340 0.474 0.189 0.314 -0.888
14.610 0.370 0.176 0.344 0.474 0.193 0.314 -0.893
14.660 0.368 0.177 0.347 0.474 0.196 0.313 -0.898
14.710 0.367 0.178 0.350 0.474 0.200 0.312 -0.902
14.760 0.365 0.180 0.353 0.474 0.203 0.312 -0.907
14.810 0.364 0.181 0.356 0.474 0.206 0.311 -0.912
14.860 0.362 0.182 0.359 0.474 0.210 0.310 -0.916
14.910 0.360 0.183 0.362 0.474 0.213 0.309 -0.920
14.960 0.359 0.184 0.365 0.474 0.217 0.309 -0.925
15.010 0.357 0.185 0.367 0.474 0.220 0.308 -0.929
15.060 0.356 0.187 0.370 0.474 0.224 0.307 -0.933
15.110 0.354 0.188 0.372 0.474 0.227 0.306 -0.937
15.160 0.352 0.189 0.374 0.474 0.231 0.305 -0.941
15.210 0.351 0.190 0.376 0.474 0.234 0.305 -0.945
15.260 0.349 0.192 0.378 0.474 0.238 0.304 -0.948
15.310 0.348 0.193 0.380 0.474 0.241 0.303 -0.952
15.360 0.346 0.194 0.382 0.474 0.245 0.302 -0.956
15.410 0.345 0.196 0.383 0.474 0.248 0.301 -0.959
15.460 0.344 0.197 0.385 0.474 0.251 0.300 -0.962
15.510 0.342 0.198 0.386 0.474 0.255 0.299 -0.966
15.560 0.341 0.200 0.388 0.474 0.258 0.298 -0.969
15.610 0.339 0.201 0.389 0.474 0.262 0.297 -0.972
15.660 0.338 0.203 0.390 0.474 0.265 0.296 -0.975
15.710 0.337 0.204 0.391 0.474 0.268 0.295 -0.977
15.760 0.336 0.205 0.391 0.474 0.272 0.294 -0.980
15.810 0.335 0.207 0.392 0.474 0.275 0.293 -0.983
15.860 0.333 0.208 0.392 0.474 0.278 0.292 -0.985
15.910 0.332 0.210 0.393 0.474 0.282 0.291 -0.988
15.960 0.331 0.211 0.393 0.474 0.285 0.290 -0.990
16.010 0.330 0.213 0.393 0.474 0.288 0.289 -0.992
16.060 0.329 0.214 0.393 0.474 0.291 0.287 -0.995
16.110 0.328 0.216 0.393 0.474 0.295 0.286 -0.997
16.160 0.328 0.217 0.393 0.474 0.298 0.285 -0.999
16.210 0.327 0.219 0.393 0.474 0.301 0.284 -1.001
16.260 0.326 0.220 0.393 0.474 0.304 0.283 -1.002
16.310 0.325 0.222 0.392 0.474 0.307 0.281 -1.004
16.360 0.325 0.223 0.391 0.474 0.310 0.280 -1.006
16.410 0.324 0.224 0.391 0.474 0.313 0.279 -1.007
16.460 0.324 0.226 0.390 0.474 0.316 0.278 -1.009
16.510 0.323 0.227 0.389 0.474 0.319 0.276 -1.010
16.560 0.323 0.229 0.388 0.474 0.321 0.275 -1.012
16.610 0.322 0.230 0.387 0.474 0.324 0.274 -1.013
16.660 0.322 0.232 0.385 0.474 0.327 0.272 -1.014
16.710 0.322 0.233 0.384 0.474 0.330 0.271 -1.015
16.760 0.322 0.235 0.383 0.474 0.332 0.270 -1.016
16.810 0.322 0.236 0.381 0.474 0.335 0.268 -1.017
16.860 0.322 0.238 0.380 0.474 0.337 0.267 -1.018
16.910 0.322 0.239 0.378 0.474 0.340 0.266 -1.018
16.960 0.322 0.241 0.376 0.474 0.342 0.264 -1.019
17.010 0.322 0.242 0.374 0.474 0.344 0.263 -1.020
17.060 0.323 0.244 0.372 0.474 0.346 0.261 -1.020
17.110 0.323 0.245 0.370 0.474 0.349 0.260 -1.021
17.160 0.323 0.247 0.368 0.474 0.351 0.259 -1.021
17.210 0.324 0.248 0.366 0.474 0.353 0.257 -1.021
17.260 0.325 0.249 0.364 0.474 0.354 0.256 -1.022
17.310 0.325 0.251 0.361 0.474 0.356 0.254 -1.022
17.360 0.326 0.252 0.359 0.474 0.358 0.253 -1.022
17.410 0.327 0.254 0.356 0.474 0.360 0.251 -1.022
17.460 0.328 0.255 0.354 0.474 0.361 0.250 -1.022
17.510 0.329 0.256 0.351 0.474 0.363 0.248 -1.022
17.560 0.330 0.258 0.349 0.474 0.364 0.247 -1.022
17.610 0.331 0.259 0.346 0.474 0.366 0.245 -1.021
17.660 0.332 0.260 0.343 0.474 0.367 0.244 -1.021
17.710 0.333 0.262 0.340 0.474 0.368 0.242 -1.021
17.760 0.335 0.263 0.337 0.474 0.369 0.241 -1.020
17.810 0.336 0.264 0.334 0.474 0.370 0.239 -1.020
17.860 0.338 0.266 0.331 0.474 0.371 0.238 -1.019
17.910 0.339 0.267 0.328 0.474 0.371 0.236 -1.019
17.960 0.341 0.268 0.325 0.474 0.372 0.235 -1.018
18.010 0.343 0.269 0.322 0.474 0.373 0.233 -1.017
18.060 0.345 0.271 0.319 0.474 0.373 0.232 -1.017
18.110 0.347 0.272 0.316 0.474 0.373 0.231 -1.016
18.160 0.349 0.273 0.312 0.474 0.374 0.229 -1.015
18.210 0.351 0.274 0.309 0.474 0.374 0.228 -1.014
18.260 0.353 0.275 0.306 0.474 0.374 0.226 -1.013
18.310 0.356 0.276 0.302 0.474 0.373 0.225 -1.012
18.360 0.358 0.278 0.299 0.474 0.373 0.223 -1.011
18.410 0.361 0.279 0.296 0.474 0.373 0.222 -1.010
18.460 0.363 0.280 0.292 0.474 0.373 0.220 -1.009
18.510 0.366 0.281 0.289 0.474 0.372 0.219 -1.008
18.560 0.369 0.282 0.285 0.474 0.371 0.217 -1.007
18.610 0.372 0.283 0.282 0.474 0.371 0.216 -1.005
18.660 0.375 0.284 0.278 0.474 0.370 0.215 -1.004
18.710 0.378 0.285 0.275 0.474 0.369 0.213 -1.003
18.760 0.381 0.286 0.271 0.474 0.368 0.212 -1.001
18.810 0.384 0.287 0.268 0.474 0.366 0.210 -1.000
18.860 0.387 0.288 0.264 0.474 0.365 0.209 -0.999
18.910 0.391 0.289 0.260 0.474 0.364 0.208 -0.997
18.960 0.394 0.290 0.257 0.474 0.362 0.206 -0.996
19.010 0.398 0.291 0.253 0.474 0.360 0.205 -0.994
19.060 0.402 0.292 0.250 0.474 0.359 0.204 -0.993
19.110 0.405 0.292 0.246 0.474 0.357 0.202 -0.991
19.160 0.409 0.293 0.242 0.474 0.355 0.201 -0.990
19.210 0.413 0.294 0.239 0.474 0.352 0.200 -0.988
19.260 0.417 0.295 0.235 0.474 0.350 0.199 -0.987
19.310 0.422 0.296 0.231 0.474 0.348 0.197 -0.985
19.360 0.426 0.297 0.228 0.474 0.345 0.196 -0.983
19.410 0.430 0.297 0.224 0.474 0.343 0.195 -0.982
19.460 0.435 0.298 0.221 0.474 0.340 0.194 -0.980
19.510 0.439 0.299 0.217 0.474 0.337 0.193 -0.978
19.560 0.444 0.299 0.213 0.474 0.334 0.191 -0.977
19.610 0.449 0.300 0.210 0.474 0.332 0.190 -0.975
19.660 0.453 0.301 0.206 0.474 0.328 0.189 -0.974
19.710 0.458 0.302 0.203 0.474 0.325 0.188 -0.972
19.760 0.463 0.302 0.199 0.474 0.322 0.187 -0.970
19.810 0.468 0.303 0.195 0.474 0.319 0.186 -0.969
19.860 0.475 0.304 0.191 0.474 0.314 0.185 -0.967
19.910 0.482 0.304 0.187 0.474 0.310 0.183 -0.965
19.960 0.487 0.305 0.183 0.474 0.306 0.182 -0.963
20.010 0.490 0.305 0.181 0.474 0.304 0.182 -0.962
20.020 0.490 0.305 0.181 0.474 0.304 0.182 -0.962
