0.000 0.000 0.000 0.000 0.000 0.000 0.000
0.000 0.000 0.000 0.000 0.000 0.000 0.000
-0.000 2.702 0.000 1.428 0.000 -1.270 -0.000
-0.000 4.916 0.000 2.542 0.000 -2.368 -0.000
-0.000 6.642 0.000 3.342 0.000 -3.293 -0.000
-0.000 7.881 0.000 3.829 0.000 -4.045 -0.000
-0.000 8.632 0.000 4.002 0.000 -4.625 -0.000
-0.000 8.896 0.000 3.861 0.000 -5.033 -0.000
-0.000 8.673 0.000 3.406 0.000 -5.268 -0.000
-0.000 7.961 0.000 2.637 0.000 -5.330 -0.000
-0.000 6.763 0.000 1.555 0.000 -5.220 -0.000
-0.000 5.076 0.000 0.158 0.000 -4.938 -0.000
-0.000 5.143 -0.000 -1.297 0.000 -6.453 -0.000
-0.000 5.277 -0.000 -2.441 0.000 -7.725 -0.000
-0.000 5.241 -0.000 -3.273 0.000 -8.516 -0.000
-0.000 5.037 -0.000 -3.790 0.000 -8.825 -0.000
-0.000 4.664 -0.000 -3.994 0.000 -8.654 -0.000
-0.000 4.122 -0.000 -3.885 0.000 -8.001 -0.000
-0.000 3.412 -0.000 -3.463 0.000 -6.867 -0.000
-0.000 2.532 -0.000 -2.726 0.000 -5.252 -0.000
-0.000 1.484 -0.000 -1.677 0.000 -3.156 -0.000
-0.000 0.266 -0.000 -0.313 0.000 -0.579 -0.000
0.000 -1.151 0.000 1.161 -0.000 2.361 0.000
0.000 -2.411 0.000 2.335 -0.000 4.837 0.000
0.000 -3.468 0.000 3.196 -0.000 6.778 0.000
0.000 -4.322 0.000 3.745 -0.000 8.182 0.000
0.000 -4.974 0.000 3.980 -0.000 9.050 0.000
0.000 -5.423 0.000 3.903 -0.000 9.381 0.000
0.000 -5.669 0.000 3.512 -0.000 9.176 0.000
0.000 -5.712 0.000 2.809 -0.000 8.435 0.000
0.000 -5.552 0.000 1.793 -0.000 7.158 0.000
0.000 -5.189 0.000 0.464 -0.000 5.344 0.000
0.000 -6.111 -0.000 -1.022 -0.000 4.830 0.000
0.000 -7.281 -0.000 -2.224 -0.000 4.912 0.000
0.000 -8.018 -0.000 -3.114 -0.000 4.853 0.000
0.000 -8.322 -0.000 -3.692 -0.000 4.651 0.000
0.000 -8.192 -0.000 -3.958 -0.000 4.308 0.000
0.000 -7.630 -0.000 -3.913 -0.000 3.823 0.000
0.000 -6.634 -0.000 -3.555 -0.000 3.196 0.000
0.000 -5.206 -0.000 -2.886 -0.000 2.428 0.000
0.000 -3.345 -0.000 -1.904 -0.000 1.517 0.000
0.000 -1.050 -0.000 -0.611 -0.000 0.465 0.000
-0.000 1.807 0.000 0.880 0.000 -0.885 -0.000
-0.000 4.408 0.000 2.108 0.000 -2.206 -0.000
-0.000 6.467 0.000 3.026 0.000 -3.318 -0.000
-0.000 7.986 0.000 3.633 0.000 -4.224 -0.000
-0.000 8.963 0.000 3.929 0.000 -4.921 -0.000
-0.000 9.400 0.000 3.915 0.000 -5.412 -0.000
-0.000 9.296 0.000 3.591 0.000 -5.695 -0.000
-0.000 8.651 0.000 2.955 0.000 -5.770 -0.000
-0.000 7.464 0.000 2.009 0.000 -5.638 -0.000
-0.000 5.737 0.000 0.753 0.000 -5.299 -0.000
-0.000 4.761 -0.000 -0.735 0.000 -5.812 -0.000
-0.000 4.862 -0.000 -1.988 0.000 -7.035 -0.000
-0.000 4.825 -0.000 -2.932 0.000 -7.834 -0.000
-0.000 4.649 -0.000 -3.568 0.000 -8.207 -0.000
-0.000 4.334 -0.000 -3.894 0.000 -8.156 -0.000
-0.000 3.881 -0.000 -3.911 0.000 -7.680 -0.000
-0.000 3.288 -0.000 -3.619 0.000 -6.778 -0.000
-0.000 2.557 -0.000 -3.018 0.000 -5.452 -0.000
-0.000 1.688 -0.000 -2.108 0.000 -3.701 -0.000
-0.000 0.679 -0.000 -0.889 0.000 -1.526 -0.000
0.000 -0.661 0.000 0.587 -0.000 1.300 0.000
0.000 -2.170 0.000 1.864 -0.000 4.189 0.000
0.000 -3.438 0.000 2.833 -0.000 6.488 0.000
0.000 -4.466 0.000 3.496 -0.000 8.197 0.000
0.000 -5.253 0.000 3.851 -0.000 9.317 0.000
0.000 -5.799 0.000 3.899 -0.000 9.848 0.000
0.000 -6.104 0.000 3.640 -0.000 9.789 0.000
0.000 -6.168 0.000 3.074 -0.000 9.140 0.000
0.000 -5.991 0.000 2.200 -0.000 7.902 0.000
0.000 -5.574 0.000 1.020 -0.000 6.074 0.000
0.000 -5.528 -0.000 -0.438 -0.000 4.463 0.000
0.000 -6.630 -0.000 -1.736 -0.000 4.514 0.000
0.000 -7.354 -0.000 -2.730 -0.000 4.450 0.000
0.000 -7.700 -0.000 -3.418 -0.000 4.272 0.000
0.000 -7.668 -0.000 -3.802 -0.000 3.978 0.000
0.000 -7.257 -0.000 -3.880 -0.000 3.569 0.000
0.000 -6.468 -0.000 -3.654 -0.000 3.046 0.000
0.000 -5.301 -0.000 -3.123 -0.000 2.407 0.000
0.000 -3.755 -0.000 -2.286 -0.000 1.654 0.000
0.000 -1.831 -0.000 -1.145 -0.000 0.786 0.000
-0.000 0.647 0.000 0.288 0.000 -0.332 -0.000
-0.000 3.664 0.000 1.606 0.000 -1.915 -0.000
-0.000 6.089 0.000 2.621 0.000 -3.251 -0.000
-0.000 7.921 0.000 3.335 0.000 -4.341 -0.000
-0.000 9.161 0.000 3.745 0.000 -5.184 -0.000
-0.000 9.808 0.000 3.854 0.000 -5.780 -0.000
-0.000 9.862 0.000 3.660 0.000 -6.129 -0.000
-0.000 9.324 0.000 3.163 0.000 -6.232 -0.000
-0.000 8.193 0.000 2.365 0.000 -6.088 -0.000
-0.000 6.470 0.000 1.264 0.000 -5.697 -0.000
-0.000 4.400 -0.000 -0.136 0.000 -5.249 -0.000
-0.000 4.467 -0.000 -1.473 0.000 -6.385 -0.000
-0.000 4.421 -0.000 -2.509 0.000 -7.153 -0.000
-0.000 4.263 -0.000 -3.246 0.000 -7.551 -0.000
-0.000 3.993 -0.000 -3.683 0.000 -7.582 -0.000
-0.000 3.610 -0.000 -3.821 0.000 -7.243 -0.000
-0.000 3.115 -0.000 -3.659 0.000 -6.537 -0.000
-0.000 2.507 -0.000 -3.198 0.000 -5.461 -0.000
-0.000 1.787 -0.000 -2.436 0.000 -4.017 -0.000
-0.000 0.955 -0.000 -1.376 0.000 -2.205 -0.000
-0.000 0.010 -0.000 -0.015 0.000 -0.024 -0.000
0.000 -1.782 0.000 1.337 -0.000 3.291 0.000
0.000 -3.300 0.000 2.392 -0.000 5.978 0.000
0.000 -4.535 0.000 3.152 -0.000 8.026 0.000
0.000 -5.486 0.000 3.614 -0.000 9.433 0.000
0.000 -6.155 0.000 3.780 -0.000 10.199 0.000
0.000 -6.541 0.000 3.650 -0.000 10.326 0.000
0.000 -6.643 0.000 3.223 -0.000 9.812 0.000
0.000 -6.462 0.000 2.500 -0.000 8.658 0.000
0.000 -5.999 0.000 1.481 -0.000 6.864 0.000
0.000 -5.252 0.000 0.165 -0.000 4.430 0.000
0.000 -6.025 -0.000 -1.200 -0.000 4.133 0.000
0.000 -6.702 -0.000 -2.273 -0.000 4.061 0.000
0.000 -7.055 -0.000 -3.053 -0.000 3.897 0.000
0.000 -7.083 -0.000 -3.540 -0.000 3.641 0.000
0.000 -6.788 -0.000 -3.734 -0.000 3.294 0.000
0.000 -6.168 -0.000 -3.635 -0.000 2.855 0.000
0.000 -5.224 -0.000 -3.243 -0.000 2.325 0.000
0.000 -3.956 -0.000 -2.557 -0.000 1.702 0.000
0.000 -2.364 -0.000 -1.579 -0.000 0.988 0.000
0.000 -0.448 -0.000 -0.307 -0.000 0.183 0.000
-0.000 2.673 0.000 1.061 0.000 -1.466 -0.000
-0.000 5.491 0.000 2.150 0.000 -3.067 -0.000
-0.000 7.667 0.000 2.949 0.000 -4.377 -0.000
-0.000 9.202 0.000 3.459 0.000 -5.397 -0.000
-0.000 10.095 0.000 3.680 0.000 -6.126 -0.000
-0.000 10.346 0.000 3.611 0.000 -6.565 -0.000
-0.000 9.955 0.000 3.253 0.000 -6.713 -0.000
-0.000 8.922 0.000 2.606 0.000 -6.571 -0.000
-0.000 7.248 0.000 1.669 0.000 -6.137 -0.000
-0.000 4.932 0.000 0.443 0.000 -5.414 -0.000
-0.000 4.086 -0.000 -0.923 0.000 -5.790 -0.000
-0.000 4.029 -0.000 -2.025 0.000 -6.491 -0.000
-0.000 3.881 -0.000 -2.842 0.000 -6.880 -0.000
-0.000 3.645 -0.000 -3.374 0.000 -6.955 -0.000
-0.000 3.319 -0.000 -3.620 0.000 -6.718 -0.000
-0.000 2.903 -0.000 -3.581 0.000 -6.168 -0.000
-0.000 2.398 -0.000 -3.257 0.000 -5.304 -0.000
-0.000 1.804 -0.000 -2.648 0.000 -4.128 -0.000
-0.000 1.120 -0.000 -1.753 0.000 -2.640 -0.000
-0.000 0.346 -0.000 -0.572 0.000 -0.838 -0.000
0.000 -1.214 0.000 0.783 -0.000 2.136 0.000
0.000 -3.025 0.000 1.897 -0.000 5.236 0.000
0.000 -4.506 0.000 2.730 -0.000 7.649 0.000
0.000 -5.657 0.000 3.282 -0.000 9.374 0.000
0.000 -6.479 0.000 3.554 -0.000 10.411 0.000
0.000 -6.971 0.000 3.544 -0.000 10.761 0.000
0.000 -7.133 0.000 3.253 -0.000 10.423 0.000
0.000 -6.965 0.000 2.681 -0.000 9.397 0.000
0.000 -6.468 0.000 1.828 -0.000 7.684 0.000
0.000 -5.641 0.000 0.694 -0.000 5.283 0.000
0.000 -5.474 -0.000 -0.644 -0.000 3.764 0.000
0.000 -6.074 -0.000 -1.769 -0.000 3.682 0.000
0.000 -6.402 -0.000 -2.616 -0.000 3.528 0.000
0.000 -6.459 -0.000 -3.187 -0.000 3.302 0.000
0.000 -6.245 -0.000 -3.482 -0.000 3.004 0.000
0.000 -5.759 -0.000 -3.500 -0.000 2.635 0.000
0.000 -5.002 -0.000 -3.242 -0.000 2.194 0.000
0.000 -3.974 -0.000 -2.707 -0.000 1.681 0.000
0.000 -2.674 -0.000 -1.896 -0.000 1.097 0.000
0.000 -1.103 -0.000 -0.808 -0.000 0.440 0.000
-0.000 1.425 0.000 0.506 0.000 -0.824 -0.000
-0.000 4.660 0.000 1.638 0.000 -2.736 -0.000
-0.000 7.207 0.000 2.498 0.000 -4.308 -0.000
-0.000 9.067 0.000 3.086 0.000 -5.542 -0.000
-0.000 10.238 0.000 3.403 0.000 -6.436 -0.000
-0.000 10.721 0.000 3.448 0.000 -6.992 -0.000
-0.000 10.516 0.000 3.222 0.000 -7.208 -0.000
-0.000 9.624 0.000 2.724 0.000 -7.085 -0.000
-0.000 8.043 0.000 1.955 0.000 -6.623 -0.000
-0.000 5.774 0.000 0.914 0.000 -5.822 -0.000
-0.000 3.716 -0.000 -0.370 0.000 -5.256 -0.000
-0.000 3.645 -0.000 -1.507 0.000 -5.862 -0.000
-0.000 3.504 -0.000 -2.378 0.000 -6.209 -0.000
-0.000 3.293 -0.000 -2.982 0.000 -6.297 -0.000
-0.000 3.013 -0.000 -3.320 0.000 -6.127 -0.000
-0.000 2.663 -0.000 -3.391 0.000 -5.697 -0.000
-0.000 2.243 -0.000 -3.196 0.000 -5.009 -0.000
-0.000 1.754 -0.000 -2.735 0.000 -4.062 -0.000
-0.000 1.195 -0.000 -2.006 0.000 -2.856 -0.000
-0.000 0.566 -0.000 -1.012 0.000 -1.391 -0.000
0.000 -0.432 0.000 0.235 -0.000 0.721 0.000
0.000 -2.584 0.000 1.376 -0.000 4.253 0.000
0.000 -4.354 0.000 2.255 -0.000 7.054 0.000
0.000 -5.744 0.000 2.873 -0.000 9.123 0.000
0.000 -6.753 0.000 3.230 -0.000 10.462 0.000
0.000 -7.382 0.000 3.327 -0.000 11.069 0.000
0.000 -7.629 0.000 3.162 -0.000 10.944 0.000
0.000 -7.496 0.000 2.736 -0.000 10.088 0.000
0.000 -6.982 0.000 2.049 -0.000 8.501 0.000
0.000 -6.088 0.000 1.101 -0.000 6.183 0.000
0.000 -4.980 -0.000 -0.103 -0.000 3.402 0.000
0.000 -5.478 -0.000 -1.245 -0.000 3.310 0.000
0.000 -5.756 -0.000 -2.131 -0.000 3.163 0.000
0.000 -5.813 -0.000 -2.762 -0.000 2.961 0.000
0.000 -5.649 -0.000 -3.137 -0.000 2.704 0.000
0.000 -5.265 -0.000 -3.257 -0.000 2.393 0.000
0.000 -4.660 -0.000 -3.122 -0.000 2.027 0.000
0.000 -3.834 -0.000 -2.731 -0.000 1.605 0.000
0.000 -2.787 -0.000 -2.085 -0.000 1.129 0.000
0.000 -1.520 -0.000 -1.183 -0.000 0.598 0.000
0.000 -0.032 -0.000 -0.026 -0.000 0.012 0.000
-0.000 3.589 0.000 1.115 0.000 -2.225 -0.000
-0.000 6.529 0.000 2.005 0.000 -4.106 -0.000
-0.000 8.739 0.000 2.646 0.000 -5.596 -0.000
-0.000 10.217 0.000 3.038 0.000 -6.692 -0.000
-0.000 10.965 0.000 3.181 0.000 -7.397 -0.000
-0.000 10.982 0.000 3.073 0.000 -7.708 -0.000
-0.000 10.269 0.000 2.717 0.000 -7.628 -0.000
-0.000 8.824 0.000 2.111 0.000 -7.154 -0.000
-0.000 6.649 0.000 1.256 0.000 -6.289 -0.000
-0.000 3.743 0.000 0.151 0.000 -5.030 -0.000
-0.000 3.265 -0.000 -0.986 0.000 -5.269 -0.000
-0.000 3.128 -0.000 -1.879 0.000 -5.550 -0.000
-0.000 2.938 -0.000 -2.529 0.000 -5.624 -0.000
-0.000 2.696 -0.000 -2.936 0.000 -5.491 -0.000
-0.000 2.400 -0.000 -3.100 0.000 -5.150 -0.000
-0.000 2.052 -0.000 -3.020 0.000 -4.601 -0.000
-0.000 1.651 -0.000 -2.696 0.000 -3.845 -0.000
-0.000 1.198 -0.000 -2.130 0.000 -2.882 -0.000
-0.000 0.691 -0.000 -1.320 0.000 -1.712 -0.000
-0.000 0.131 -0.000 -0.267 0.000 -0.334 -0.000
0.000 -1.942 0.000 0.859 -0.000 3.027 0.000
0.000 -4.050 0.000 1.752 -0.000 6.233 0.000
0.000 -5.722 0.000 2.409 -0.000 8.669 0.000
0.000 -6.959 0.000 2.829 -0.000 10.333 0.000
0.000 -7.758 0.000 3.012 -0.000 11.227 0.000
0.000 -8.122 0.000 2.958 -0.000 11.350 0.000
0.000 -8.049 0.000 2.667 -0.000 10.702 0.000
0.000 -7.540 0.000 2.140 -0.000 9.283 0.000
0.000 -6.595 0.000 1.375 -0.000 7.094 0.000
0.000 -5.214 0.000 0.374 -0.000 4.133 0.000
0.000 -4.913 -0.000 -0.734 -0.000 2.940 0.000
0.000 -5.121 -0.000 -1.626 -0.000 2.799 0.000
0.000 -5.156 -0.000 -2.288 -0.000 2.618 0.000
0.000 -5.018 -0.000 -2.719 -0.000 2.396 0.000
0.000 -4.707 -0.000 -2.920 -0.000 2.133 0.000
0.000 -4.222 -0.000 -2.891 -0.000 1.830 0.000
0.000 -3.564 -0.000 -2.632 -0.000 1.486 0.000
0.000 -2.733 -0.000 -2.142 -0.000 1.101 0.000
0.000 -1.729 -0.000 -1.423 -0.000 0.676 0.000
0.000 -0.552 -0.000 -0.473 -0.000 0.210 0.000
-0.000 2.278 0.000 0.612 0.000 -1.496 -0.000
-0.000 5.627 0.000 1.500 0.000 -3.739 -0.000
-0.000 8.207 0.000 2.164 0.000 -5.531 -0.000
-0.000 10.017 0.000 2.605 0.000 -6.873 -0.000
-0.000 11.058 0.000 2.823 0.000 -7.763 -0.000
-0.000 11.329 0.000 2.817 0.000 -8.203 -0.000
-0.000 10.830 0.000 2.588 0.000 -8.192 -0.000
-0.000 9.562 0.000 2.136 0.000 -7.730 -0.000
-0.000 7.524 0.000 1.460 0.000 -6.818 -0.000
-0.000 4.716 0.000 0.562 0.000 -5.454 -0.000
-0.000 2.883 -0.000 -0.494 0.000 -4.708 -0.000
-0.000 2.751 -0.000 -1.376 0.000 -4.906 -0.000
-0.000 2.579 -0.000 -2.041 0.000 -4.945 -0.000
-0.000 2.369 -0.000 -2.490 0.000 -4.824 -0.000
-0.000 2.120 -0.000 -2.722 0.000 -4.545 -0.000
-0.000 1.833 -0.000 -2.739 0.000 -4.105 -0.000
-0.000 1.507 -0.000 -2.539 0.000 -3.507 -0.000
-0.000 1.142 -0.000 -2.123 0.000 -2.749 -0.000
-0.000 0.739 -0.000 -1.490 0.000 -1.832 -0.000
-0.000 0.297 -0.000 -0.642 0.000 -0.755 -0.000
0.000 -1.062 0.000 0.380 -0.000 1.561 0.000
0.000 -3.561 0.000 1.252 -0.000 5.184 0.000
0.000 -5.564 0.000 1.916 -0.000 8.002 0.000
0.000 -7.072 0.000 2.370 -0.000 10.013 0.000
0.000 -8.082 0.000 2.616 -0.000 11.219 0.000
0.000 -8.597 0.000 2.653 -0.000 11.618 0.000
0.000 -8.615 0.000 2.481 -0.000 11.212 0.000
0.000 -8.137 0.000 2.100 -0.000 10.000 0.000
0.000 -7.163 0.000 1.511 -0.000 7.982 0.000
0.000 -5.693 0.000 0.712 -0.000 5.158 0.000
0.000 -4.369 0.000 -0.270 -0.000 2.566 0.000
0.000 -4.496 0.000 -1.131 -0.000 2.433 0.000
0.000 -4.494 0.000 -1.792 -0.000 2.271 0.000
0.000 -4.362 0.000 -2.250 -0.000 2.079 0.000
0.000 -4.101 0.000 -2.508 -0.000 1.859 0.000
0.000 -3.710 0.000 -2.564 -0.000 1.610 0.000
0.000 -3.190 0.000 -2.418 -0.000 1.332 0.000
0.000 -2.540 0.000 -2.071 -0.000 1.025 0.000
0.000 -1.760 0.000 -1.523 -0.000 0.689 0.000
0.000 -0.851 0.000 -0.773 -0.000 0.324 0.000
-0.000 0.728 -0.000 0.165 0.000 -0.509 -0.000
-0.000 4.499 -0.000 1.013 0.000 -3.171 -0.000
-0.000 7.465 -0.000 1.667 0.000 -5.318 -0.000
-0.000 9.627 -0.000 2.127 0.000 -6.952 -0.000
-0.000 10.984 -0.000 2.394 0.000 -8.072 -0.000
-0.000 11.536 -0.000 2.468 0.000 -8.677 -0.000
-0.000 11.284 -0.000 2.348 0.000 -8.768 -0.000
-0.000 10.227 -0.000 2.034 0.000 -8.346 -0.000
-0.000 8.366 -0.000 1.526 0.000 -7.409 -0.000
-0.000 5.700 -0.000 0.825 0.000 -5.958 -0.000
-0.000 2.494 -0.000 -0.066 0.000 -4.161 -0.000
-0.000 2.366 -0.000 -0.898 0.000 -4.269 -0.000
-0.000 2.212 -0.000 -1.544 0.000 -4.261 -0.000
-0.000 2.031 -0.000 -2.005 0.000 -4.137 -0.000
-0.000 1.824 -0.000 -2.280 0.000 -3.898 -0.000
-0.000 1.589 -0.000 -2.369 0.000 -3.543 -0.000
-0.000 1.327 -0.000 -2.272 0.000 -3.072 -0.000
-0.000 1.039 -0.000 -1.990 0.000 -2.485 -0.000
-0.000 0.723 -0.000 -1.522 0.000 -1.782 -0.000
-0.000 0.381 -0.000 -0.868 0.000 -0.964 -0.000
-0.000 0.012 -0.000 -0.028 0.000 -0.030 -0.000
0.000 -2.851 0.000 0.786 -0.000 3.911 0.000
0.000 -5.239 0.000 1.422 -0.000 7.121 0.000
0.000 -7.066 0.000 1.880 -0.000 9.494 0.000
0.000 -8.332 0.000 2.161 -0.000 11.031 0.000
0.000 -9.037 0.000 2.264 -0.000 11.731 0.000
0.000 -9.182 0.000 2.190 -0.000 11.595 0.000
0.000 -8.766 0.000 1.938 -0.000 10.623 0.000
0.000 -7.788 0.000 1.508 -0.000 8.814 0.000
0.000 -6.250 0.000 0.901 -0.000 6.168 0.000
0.000 -4.152 0.000 0.116 -0.000 2.686 0.000
0.000 -3.868 0.000 -0.679 -0.000 2.058 0.000
0.000 -3.822 0.000 -1.302 -0.000 1.915 0.000
0.000 -3.686 0.000 -1.757 -0.000 1.753 0.000
0.000 -3.459 0.000 -2.041 -0.000 1.571 0.000
0.000 -3.141 0.000 -2.157 -0.000 1.369 0.000
0.000 -2.732 0.000 -2.103 -0.000 1.149 0.000
0.000 -2.233 0.000 -1.880 -0.000 0.909 0.000
0.000 -1.644 0.000 -1.487 -0.000 0.649 0.000
0.000 -0.963 0.000 -0.925 -0.000 0.370 0.000
0.000 -0.192 0.000 -0.194 -0.000 0.072 0.000
-0.000 3.149 -0.000 0.576 0.000 -2.362 -0.000
-0.000 6.512 -0.000 1.184 0.000 -4.923 -0.000
-0.000 9.039 -0.000 1.632 0.000 -6.902 -0.000
-0.000 10.732 -0.000 1.919 0.000 -8.298 -0.000
-0.000 11.588 -0.000 2.045 0.000 -9.112 -0.000
-0.000 11.610 -0.000 2.010 0.000 -9.344 -0.000
-0.000 10.796 -0.000 1.814 0.000 -8.992 -0.000
-0.000 9.147 -0.000 1.457 0.000 -8.059 -0.000
-0.000 6.662 -0.000 0.940 0.000 -6.543 -0.000
-0.000 3.342 -0.000 0.262 0.000 -4.444 -0.000
-0.000 1.969 -0.000 -0.479 0.000 -3.620 -0.000
-0.000 1.833 -0.000 -1.070 0.000 -3.563 -0.000
-0.000 1.680 -0.000 -1.509 0.000 -3.429 -0.000
-0.000 1.510 -0.000 -1.796 0.000 -3.218 -0.000
-0.000 1.323 -0.000 -1.931 0.000 -2.928 -0.000
-0.000 1.118 -0.000 -1.913 0.000 -2.561 -0.000
-0.000 0.896 -0.000 -1.743 0.000 -2.117 -0.000
-0.000 0.656 -0.000 -1.421 0.000 -1.595 -0.000
-0.000 0.399 -0.000 -0.946 0.000 -0.995 -0.000
-0.000 0.125 -0.000 -0.320 0.000 -0.318 -0.000
0.000 -1.880 0.000 0.387 -0.000 2.422 0.000
0.000 -4.711 0.000 0.958 -0.000 6.030 0.000
0.000 -6.912 0.000 1.387 -0.000 8.775 0.000
0.000 -8.483 0.000 1.671 -0.000 10.657 0.000
0.000 -9.423 0.000 1.812 -0.000 11.677 0.000
0.000 -9.734 0.000 1.810 -0.000 11.834 0.000
0.000 -9.415 0.000 1.665 -0.000 11.128 0.000
0.000 -8.465 0.000 1.376 -0.000 9.561 0.000
0.000 -6.885 0.000 0.943 -0.000 7.130 0.000
0.000 -4.676 0.000 0.367 -0.000 3.837 0.000
0.000 -3.213 0.000 -0.301 -0.000 1.667 0.000
0.000 -3.128 0.000 -0.851 -0.000 1.545 0.000
0.000 -2.985 0.000 -1.266 -0.000 1.412 0.000
0.000 -2.784 0.000 -1.547 -0.000 1.266 0.000
0.000 -2.527 0.000 -1.693 -0.000 1.109 0.000
0.000 -2.211 0.000 -1.705 -0.000 0.940 0.000
0.000 -1.839 0.000 -1.582 -0.000 0.758 0.000
0.000 -1.409 0.000 -1.324 -0.000 0.566 0.000
0.000 -0.921 0.000 -0.932 -0.000 0.361 0.000
0.000 -0.377 0.000 -0.405 -0.000 0.144 0.000
-0.000 1.583 -0.000 0.222 0.000 -1.268 -0.000
-0.000 5.350 -0.000 0.748 0.000 -4.307 -0.000
-0.000 8.254 -0.000 1.147 0.000 -6.690 -0.000
-0.000 10.295 -0.000 1.422 0.000 -8.417 -0.000
-0.000 11.475 -0.000 1.571 0.000 -9.487 -0.000
-0.000 11.792 -0.000 1.594 0.000 -9.902 -0.000
-0.000 11.247 -0.000 1.492 0.000 -9.660 -0.000
-0.000 9.839 -0.000 1.265 0.000 -8.761 -0.000
-0.000 7.569 -0.000 0.912 0.000 -7.207 -0.000
-0.000 4.437 -0.000 0.433 0.000 -4.996 -0.000
-0.000 1.548 -0.000 -0.150 0.000 -2.928 0.000
-0.000 1.434 -0.000 -0.649 0.000 -2.833 0.000
-0.000 1.311 -0.000 -1.032 0.000 -2.691 0.000
-0.000 1.178 -0.000 -1.298 0.000 -2.504 0.000
-0.000 1.035 -0.000 -1.448 0.000 -2.272 0.000
-0.000 0.881 -0.000 -1.481 0.000 -1.993 0.000
-0.000 0.718 -0.000 -1.398 0.000 -1.669 0.000
-0.000 0.545 -0.000 -1.199 0.000 -1.299 0.000
-0.000 0.362 -0.000 -0.884 0.000 -0.883 0.000
-0.000 0.169 -0.000 -0.452 0.000 -0.422 0.000
0.000 -0.606 0.000 0.086 -0.000 0.730 0.000
0.000 -3.944 0.000 0.556 -0.000 4.736 0.000
0.000 -6.578 0.000 0.918 -0.000 7.857 0.000
0.000 -8.507 0.000 1.174 -0.000 10.094 0.000
0.000 -9.733 0.000 1.323 -0.000 11.447 0.000
0.000 -10.254 0.000 1.364 -0.000 11.915 0.000
0.000 -10.071 0.000 1.299 -0.000 11.499 0.000
0.000 -9.184 0.000 1.127 -0.000 10.199 0.000
0.000 -7.593 0.000 0.847 -0.000 8.014 0.000
0.000 -5.298 0.000 0.461 -0.000 4.945 0.000
0.000 -2.494 0.000 -0.030 -0.000 1.251 -0.000
0.000 -2.385 0.000 -0.468 -0.000 1.154 -0.000
0.000 -2.244 0.000 -0.809 -0.000 1.051 -0.000
0.000 -2.073 0.000 -1.052 -0.000 0.942 -0.000
0.000 -1.872 0.000 -1.198 -0.000 0.827 -0.000
0.000 -1.639 0.000 -1.246 -0.000 0.706 -0.000
0.000 -1.376 0.000 -1.196 -0.000 0.578 -0.000
0.000 -1.082 0.000 -1.048 -0.000 0.444 -0.000
0.000 -0.757 0.000 -0.803 -0.000 0.305 -0.000
0.000 -0.402 0.000 -0.460 -0.000 0.158 -0.000
0.000 -0.016 0.000 -0.020 -0.000 0.006 -0.000
-0.000 3.986 -0.000 0.387 0.000 -3.428 -0.000
-0.000 7.273 -0.000 0.703 0.000 -6.280 -0.000
-0.000 9.674 -0.000 0.932 0.000 -8.397 -0.000
-0.000 11.189 -0.000 1.072 0.000 -9.778 -0.000
-0.000 11.819 -0.000 1.124 0.000 -10.423 -0.000
-0.000 11.564 -0.000 1.088 0.000 -10.333 -0.000
-0.000 10.423 -0.000 0.964 0.000 -9.508 -0.000
-0.000 8.397 -0.000 0.751 0.000 -7.947 -0.000
-0.000 5.485 -0.000 0.451 0.000 -5.650 -0.000
-0.000 1.688 -0.000 0.062 0.000 -2.619 -0.000
-0.000 1.006 -0.000 -0.312 0.000 -2.034 0.000
-0.000 0.916 -0.000 -0.602 0.000 -1.902 0.000
-0.000 0.821 -0.000 -0.814 0.000 -1.748 0.000
-0.000 0.722 -0.000 -0.947 0.000 -1.574 0.000
-0.000 0.618 -0.000 -1.001 0.000 -1.377 0.000
-0.000 0.510 -0.000 -0.977 0.000 -1.160 0.000
-0.000 0.397 -0.000 -0.874 0.000 -0.921 0.000
-0.000 0.280 -0.000 -0.693 0.000 -0.661 0.000
-0.000 0.158 -0.000 -0.433 0.000 -0.379 0.000
-0.000 0.031 -0.000 -0.094 0.000 -0.077 0.000
0.000 -2.894 0.000 0.244 -0.000 3.251 0.000
0.000 -6.026 0.000 0.505 -0.000 6.750 0.000
0.000 -8.375 0.000 0.698 -0.000 9.346 0.000
0.000 -9.940 0.000 0.821 -0.000 11.041 0.000
0.000 -10.722 0.000 0.876 -0.000 11.833 0.000
0.000 -10.720 0.000 0.862 -0.000 11.722 0.000
0.000 -9.935 0.000 0.779 -0.000 10.710 0.000
0.000 -8.367 0.000 0.627 -0.000 8.795 0.000
0.000 -6.015 0.000 0.405 -0.000 5.978 0.000
0.000 -2.879 0.000 0.115 -0.000 2.259 0.000
0.000 -1.552 0.000 -0.184 -0.000 0.730 -0.000
0.000 -1.437 0.000 -0.414 -0.000 0.662 -0.000
0.000 -1.310 0.000 -0.586 -0.000 0.592 -0.000
0.000 -1.172 0.000 -0.698 -0.000 0.520 -0.000
0.000 -1.021 0.000 -0.751 -0.000 0.446 -0.000
0.000 -0.860 0.000 -0.745 -0.000 0.369 -0.000
0.000 -0.686 0.000 -0.679 -0.000 0.290 -0.000
0.000 -0.501 0.000 -0.554 -0.000 0.209 -0.000
0.000 -0.305 0.000 -0.370 -0.000 0.125 -0.000
0.000 -0.096 0.000 -0.127 -0.000 0.039 -0.000
-0.000 2.431 -0.000 0.131 0.000 -2.240 -0.000
-0.000 6.103 -0.000 0.329 0.000 -5.633 -0.000
-0.000 8.869 -0.000 0.477 0.000 -8.205 -0.000
-0.000 10.731 -0.000 0.575 0.000 -9.957 -0.000
-0.000 11.686 -0.000 0.624 0.000 -10.887 -0.000
-0.000 11.737 -0.000 0.624 0.000 -10.998 -0.000
-0.000 10.882 -0.000 0.574 0.000 -10.287 -0.000
-0.000 9.122 -0.000 0.475 0.000 -8.756 -0.000
-0.000 6.456 -0.000 0.327 0.000 -6.404 -0.000
-0.000 2.886 -0.000 0.129 0.000 -3.231 -0.000
-0.000 0.534 -0.000 -0.087 0.000 -1.115 0.000
-0.000 0.484 -0.000 -0.249 0.000 -1.024 0.000
-0.000 0.432 -0.000 -0.372 0.000 -0.927 0.000
-0.000 0.380 -0.000 -0.455 0.000 -0.824 0.000
-0.000 0.326 -0.000 -0.498 0.000 -0.716 0.000
-0.000 0.271 -0.000 -0.502 0.000 -0.602 0.000
-0.000 0.215 -0.000 -0.466 0.000 -0.483 0.000
-0.000 0.157 -0.000 -0.391 0.000 -0.358 0.000
-0.000 0.099 -0.000 -0.276 0.000 -0.227 0.000
-0.000 0.039 -0.000 -0.121 0.000 -0.091 0.000
0.000 -1.517 0.000 0.051 -0.000 1.589 0.000
0.000 -5.219 0.000 0.176 -0.000 5.463 0.000
0.000 -8.053 0.000 0.271 -0.000 8.420 0.000
0.000 -10.018 0.000 0.336 -0.000 10.461 0.000
0.000 -11.115 0.000 0.372 -0.000 11.585 0.000
0.000 -11.344 0.000 0.378 -0.000 11.791 0.000
0.000 -10.705 0.000 0.354 -0.000 11.082 0.000
0.000 -9.197 0.000 0.300 -0.000 9.455 0.000
0.000 -6.821 0.000 0.217 -0.000 6.911 0.000
0.000 -3.577 0.000 0.104 -0.000 3.451 0.000
0.000 -0.571 0.000 -0.025 -0.000 0.259 -0.000
0.000 -0.519 0.000 -0.110 -0.000 0.234 -0.000
0.000 -0.466 0.000 -0.175 -0.000 0.209 -0.000
0.000 -0.411 0.000 -0.221 -0.000 0.183 -0.000
0.000 -0.355 0.000 -0.247 -0.000 0.157 -0.000
0.000 -0.298 0.000 -0.253 -0.000 0.131 -0.000
0.000 -0.239 0.000 -0.239 -0.000 0.104 -0.000
0.000 -0.179 0.000 -0.205 -0.000 0.078 -0.000
0.000 -0.117 0.000 -0.151 -0.000 0.051 -0.000
0.000 -0.054 0.000 -0.078 -0.000 0.023 -0.000
-0.000 0.695 -0.000 0.007 0.000 -0.688 -0.000
-0.000 4.754 -0.000 0.051 0.000 -4.702 -0.000
-0.000 7.889 -0.000 0.085 0.000 -7.804 -0.000
-0.000 10.102 -0.000 0.109 0.000 -9.994 -0.000
-0.000 11.393 -0.000 0.123 0.000 -11.271 -0.000
-0.000 11.761 -0.000 0.127 0.000 -11.635 -0.000
-0.000 11.207 -0.000 0.121 0.000 -11.086 -0.000
-0.000 9.730 -0.000 0.105 0.000 -9.625 -0.000
-0.000 7.330 -0.000 0.079 0.000 -7.251 -0.000
-0.000 4.008 -0.000 0.043 0.000 -3.965 -0.000
0.000 0.000 0.000 0.000 0.000 0.000 0.000
0.000 0.000 0.000 0.000 0.000 0.000 0.000
0.000 0.000 0.000 0.000 0.000 0.000 0.000
0.000 0.000 0.000 0.000 0.000 0.000 0.000
0.000 0.000 0.000 0.000 0.000 0.000 0.000
0.000 0.000 0.000 0.000 0.000 0.000 0.000
0.000 0.000 0.000 0.000 0.000 0.000 0.000
0.000 0.000 0.000 0.000 0.000 0.000 0.000
0.000 0.000 0.000 0.000 0.000 0.000 0.000
0.000 0.000 0.000 0.000 0.000 0.000 0.000
0.000 0.000 0.000 0.000 0.000 0.000 0.000
0.000 -4.008 0.000 -0.043 0.000 3.965 0.000
0.000 -7.330 0.000 -0.079 0.000 7.251 0.000
0.000 -9.730 0.000 -0.105 0.000 9.625 0.000
0.000 -11.207 0.000 -0.121 0.000 11.086 0.000
0.000 -11.761 0.000 -0.127 0.000 11.635 0.000
0.000 -11.393 0.000 -0.123 0.000 11.271 0.000
0.000 -10.102 0.000 -0.109 0.000 9.994 0.000
0.000 -7.889 0.000 -0.085 0.000 7.804 0.000
0.000 -4.754 0.000 -0.051 0.000 4.702 0.000
0.000 -0.695 0.000 -0.007 0.000 0.688 0.000
-0.000 0.054 -0.000 0.078 0.000 -0.023 0.000
-0.000 0.117 -0.000 0.151 0.000 -0.051 0.000
-0.000 0.179 -0.000 0.205 0.000 -0.078 0.000
-0.000 0.239 -0.000 0.239 0.000 -0.104 0.000
-0.000 0.298 -0.000 0.253 0.000 -0.131 0.000
-0.000 0.355 -0.000 0.247 0.000 -0.157 0.000
-0.000 0.411 -0.000 0.221 0.000 -0.183 0.000
-0.000 0.466 -0.000 0.175 0.000 -0.209 0.000
-0.000 0.519 -0.000 0.110 0.000 -0.234 0.000
-0.000 0.571 -0.000 0.025 0.000 -0.259 0.000
-0.000 3.577 -0.000 -0.104 -0.000 -3.451 0.000
-0.000 6.821 -0.000 -0.217 -0.000 -6.911 0.000
-0.000 9.197 -0.000 -0.300 -0.000 -9.455 0.000
-0.000 10.705 -0.000 -0.354 -0.000 -11.082 0.000
-0.000 11.344 -0.000 -0.378 -0.000 -11.791 0.000
-0.000 11.115 -0.000 -0.372 -0.000 -11.585 0.000
-0.000 10.018 -0.000 -0.336 -0.000 -10.461 0.000
-0.000 8.053 -0.000 -0.271 -0.000 -8.420 0.000
-0.000 5.219 -0.000 -0.176 -0.000 -5.463 0.000
-0.000 1.517 -0.000 -0.051 -0.000 -1.589 0.000
0.000 -0.039 0.000 0.121 0.000 0.091 -0.000
0.000 -0.099 0.000 0.276 0.000 0.227 -0.000
0.000 -0.157 0.000 0.391 0.000 0.358 -0.000
0.000 -0.215 0.000 0.466 0.000 0.483 -0.000
0.000 -0.271 0.000 0.502 0.000 0.602 -0.000
0.000 -0.326 0.000 0.498 0.000 0.716 -0.000
0.000 -0.380 0.000 0.455 0.000 0.824 -0.000
0.000 -0.432 0.000 0.372 0.000 0.927 -0.000
0.000 -0.484 0.000 0.249 0.000 1.024 -0.000
0.000 -0.534 0.000 0.087 0.000 1.115 -0.000
0.000 -2.886 0.000 -0.129 0.000 3.231 -0.000
0.000 -6.456 0.000 -0.327 0.000 6.404 -0.000
0.000 -9.122 0.000 -0.475 0.000 8.756 -0.000
0.000 -10.882 0.000 -0.574 0.000 10.287 -0.000
0.000 -11.737 0.000 -0.624 0.000 10.998 -0.000
0.000 -11.686 0.000 -0.624 0.000 10.887 -0.000
0.000 -10.731 0.000 -0.575 0.000 9.957 -0.000
0.000 -8.869 0.000 -0.477 0.000 8.205 -0.000
0.000 -6.103 0.000 -0.329 0.000 5.633 -0.000
0.000 -2.431 0.000 -0.131 0.000 2.240 -0.000
-0.000 0.096 -0.000 0.127 0.000 -0.039 0.000
-0.000 0.305 -0.000 0.370 0.000 -0.125 0.000
-0.000 0.501 -0.000 0.554 0.000 -0.209 0.000
-0.000 0.686 -0.000 0.679 0.000 -0.290 0.000
-0.000 0.860 -0.000 0.745 0.000 -0.369 0.000
-0.000 1.021 -0.000 0.751 0.000 -0.446 0.000
-0.000 1.172 -0.000 0.698 0.000 -0.520 0.000
-0.000 1.310 -0.000 0.586 0.000 -0.592 0.000
-0.000 1.437 -0.000 0.414 0.000 -0.662 0.000
-0.000 1.552 -0.000 0.184 0.000 -0.730 0.000
-0.000 2.879 -0.000 -0.115 -0.000 -2.259 0.000
-0.000 6.015 -0.000 -0.405 -0.000 -5.978 0.000
-0.000 8.367 -0.000 -0.627 -0.000 -8.795 0.000
-0.000 9.935 -0.000 -0.779 -0.000 -10.710 0.000
-0.000 10.720 -0.000 -0.862 -0.000 -11.722 0.000
-0.000 10.722 -0.000 -0.876 -0.000 -11.833 0.000
-0.000 9.940 -0.000 -0.821 -0.000 -11.041 0.000
-0.000 8.375 -0.000 -0.698 -0.000 -9.346 0.000
-0.000 6.026 -0.000 -0.505 -0.000 -6.750 0.000
-0.000 2.894 -0.000 -0.244 -0.000 -3.251 0.000
0.000 -0.031 0.000 0.094 0.000 0.077 -0.000
0.000 -0.158 0.000 0.433 0.000 0.379 -0.000
0.000 -0.280 0.000 0.693 0.000 0.661 -0.000
0.000 -0.397 0.000 0.874 0.000 0.921 -0.000
0.000 -0.510 0.000 0.977 0.000 1.160 -0.000
0.000 -0.618 0.000 1.001 0.000 1.377 -0.000
0.000 -0.722 0.000 0.947 0.000 1.574 -0.000
0.000 -0.821 0.000 0.814 0.000 1.748 -0.000
0.000 -0.916 0.000 0.602 0.000 1.902 -0.000
0.000 -1.006 0.000 0.312 0.000 2.034 -0.000
-0.000 -1.688 0.000 -0.062 0.000 2.619 -0.000
-0.000 -5.485 0.000 -0.451 0.000 5.650 -0.000
-0.000 -8.397 0.000 -0.751 0.000 7.947 -0.000
-0.000 -10.423 0.000 -0.964 0.000 9.508 -0.000
-0.000 -11.564 0.000 -1.088 0.000 10.333 -0.000
-0.000 -11.819 0.000 -1.124 0.000 10.423 -0.000
-0.000 -11.189 0.000 -1.072 0.000 9.778 -0.000
-0.000 -9.674 0.000 -0.932 0.000 8.397 -0.000
-0.000 -7.273 0.000 -0.703 0.000 6.280 -0.000
-0.000 -3.986 0.000 -0.387 0.000 3.428 -0.000
-0.000 0.016 -0.000 0.020 0.000 -0.006 0.000
-0.000 0.402 -0.000 0.460 0.000 -0.158 0.000
-0.000 0.757 -0.000 0.803 0.000 -0.305 0.000
-0.000 1.082 -0.000 1.048 0.000 -0.444 0.000
-0.000 1.376 -0.000 1.196 0.000 -0.578 0.000
-0.000 1.639 -0.000 1.246 0.000 -0.706 0.000
-0.000 1.872 -0.000 1.198 0.000 -0.827 0.000
-0.000 2.073 -0.000 1.052 0.000 -0.942 0.000
-0.000 2.244 -0.000 0.809 0.000 -1.051 0.000
-0.000 2.385 -0.000 0.468 0.000 -1.154 0.000
-0.000 2.494 -0.000 0.030 0.000 -1.251 0.000
-0.000 5.298 -0.000 -0.461 -0.000 -4.945 0.000
-0.000 7.593 -0.000 -0.847 -0.000 -8.014 0.000
-0.000 9.184 -0.000 -1.127 -0.000 -10.199 0.000
-0.000 10.071 -0.000 -1.299 -0.000 -11.499 0.000
-0.000 10.254 -0.000 -1.364 -0.000 -11.915 0.000
-0.000 9.733 -0.000 -1.323 -0.000 -11.447 0.000
-0.000 8.507 -0.000 -1.174 -0.000 -10.094 0.000
-0.000 6.578 -0.000 -0.918 -0.000 -7.857 0.000
-0.000 3.944 -0.000 -0.556 -0.000 -4.736 0.000
-0.000 0.606 -0.000 -0.086 -0.000 -0.730 0.000
0.000 -0.169 0.000 0.452 0.000 0.422 -0.000
0.000 -0.362 0.000 0.884 0.000 0.883 -0.000
0.000 -0.545 0.000 1.199 0.000 1.299 -0.000
0.000 -0.718 0.000 1.398 0.000 1.669 -0.000
0.000 -0.881 0.000 1.481 0.000 1.993 -0.000
0.000 -1.035 0.000 1.448 0.000 2.272 -0.000
0.000 -1.178 0.000 1.298 0.000 2.504 -0.000
0.000 -1.311 0.000 1.032 0.000 2.691 -0.000
0.000 -1.434 0.000 0.649 0.000 2.833 -0.000
0.000 -1.548 0.000 0.150 0.000 2.928 -0.000
-0.000 -4.437 0.000 -0.433 0.000 4.996 -0.000
-0.000 -7.569 0.000 -0.912 0.000 7.207 -0.000
-0.000 -9.839 0.000 -1.265 0.000 8.761 -0.000
-0.000 -11.247 0.000 -1.492 0.000 9.660 -0.000
-0.000 -11.792 0.000 -1.594 0.000 9.902 -0.000
-0.000 -11.475 0.000 -1.571 0.000 9.487 -0.000
-0.000 -10.295 0.000 -1.422 0.000 8.417 -0.000
-0.000 -8.254 0.000 -1.147 0.000 6.690 -0.000
-0.000 -5.350 0.000 -0.748 0.000 4.307 -0.000
-0.000 -1.583 0.000 -0.222 0.000 1.268 -0.000
-0.000 0.377 -0.000 0.405 0.000 -0.144 0.000
-0.000 0.921 -0.000 0.932 0.000 -0.361 0.000
-0.000 1.409 -0.000 1.324 0.000 -0.566 0.000
-0.000 1.839 -0.000 1.582 0.000 -0.758 0.000
-0.000 2.211 -0.000 1.705 0.000 -0.940 0.000
-0.000 2.527 -0.000 1.693 0.000 -1.109 0.000
-0.000 2.784 -0.000 1.547 0.000 -1.266 0.000
-0.000 2.985 -0.000 1.266 0.000 -1.412 0.000
-0.000 3.128 -0.000 0.851 0.000 -1.545 0.000
-0.000 3.213 -0.000 0.301 0.000 -1.667 0.000
0.000 4.676 -0.000 -0.367 -0.000 -3.837 0.000
0.000 6.885 -0.000 -0.943 -0.000 -7.130 0.000
0.000 8.465 -0.000 -1.376 -0.000 -9.561 0.000
0.000 9.415 -0.000 -1.665 -0.000 -11.128 0.000
0.000 9.734 -0.000 -1.810 -0.000 -11.834 0.000
0.000 9.423 -0.000 -1.812 -0.000 -11.677 0.000
0.000 8.483 -0.000 -1.671 -0.000 -10.657 0.000
0.000 6.912 -0.000 -1.387 -0.000 -8.775 0.000
0.000 4.711 -0.000 -0.958 -0.000 -6.030 0.000
0.000 1.880 -0.000 -0.387 -0.000 -2.422 0.000
0.000 -0.125 0.000 0.320 0.000 0.318 -0.000
0.000 -0.399 0.000 0.946 0.000 0.995 -0.000
0.000 -0.656 0.000 1.421 0.000 1.595 -0.000
0.000 -0.896 0.000 1.743 0.000 2.117 -0.000
0.000 -1.118 0.000 1.913 0.000 2.561 -0.000
0.000 -1.323 0.000 1.931 0.000 2.928 -0.000
0.000 -1.510 0.000 1.796 0.000 3.218 -0.000
0.000 -1.680 0.000 1.509 0.000 3.429 -0.000
0.000 -1.833 0.000 1.070 0.000 3.563 -0.000
0.000 -1.969 0.000 0.479 0.000 3.620 -0.000
-0.000 -3.342 0.000 -0.262 0.000 4.444 -0.000
-0.000 -6.662 0.000 -0.940 0.000 6.543 -0.000
-0.000 -9.147 0.000 -1.457 0.000 8.059 -0.000
-0.000 -10.796 0.000 -1.814 0.000 8.992 -0.000
-0.000 -11.610 0.000 -2.010 0.000 9.344 -0.000
-0.000 -11.588 0.000 -2.045 0.000 9.112 -0.000
-0.000 -10.732 0.000 -1.919 0.000 8.298 -0.000
-0.000 -9.039 0.000 -1.632 0.000 6.902 -0.000
-0.000 -6.512 0.000 -1.184 0.000 4.923 -0.000
-0.000 -3.149 0.000 -0.576 0.000 2.362 -0.000
-0.000 0.192 -0.000 0.194 0.000 -0.072 0.000
-0.000 0.963 -0.000 0.925 0.000 -0.370 0.000
-0.000 1.644 -0.000 1.487 0.000 -0.649 0.000
-0.000 2.233 -0.000 1.880 0.000 -0.909 0.000
-0.000 2.732 -0.000 2.103 0.000 -1.149 0.000
-0.000 3.141 -0.000 2.157 0.000 -1.369 0.000
-0.000 3.459 -0.000 2.041 0.000 -1.571 0.000
-0.000 3.686 -0.000 1.757 0.000 -1.753 0.000
-0.000 3.822 -0.000 1.302 0.000 -1.915 0.000
-0.000 3.868 -0.000 0.679 0.000 -2.058 0.000
0.000 4.152 -0.000 -0.116 -0.000 -2.686 0.000
0.000 6.250 -0.000 -0.901 -0.000 -6.168 0.000
0.000 7.788 -0.000 -1.508 -0.000 -8.814 0.000
0.000 8.766 -0.000 -1.938 -0.000 -10.623 0.000
0.000 9.182 -0.000 -2.190 -0.000 -11.595 0.000
0.000 9.037 -0.000 -2.264 -0.000 -11.731 0.000
0.000 8.332 -0.000 -2.161 -0.000 -11.031 0.000
0.000 7.066 -0.000 -1.880 -0.000 -9.494 0.000
0.000 5.239 -0.000 -1.422 -0.000 -7.121 0.000
0.000 2.851 -0.000 -0.786 -0.000 -3.911 0.000
0.000 -0.012 0.000 0.028 0.000 0.030 -0.000
0.000 -0.381 0.000 0.868 0.000 0.964 -0.000
0.000 -0.723 0.000 1.522 0.000 1.782 -0.000
0.000 -1.039 0.000 1.990 0.000 2.485 -0.000
0.000 -1.327 0.000 2.272 0.000 3.072 -0.000
0.000 -1.589 0.000 2.369 0.000 3.543 -0.000
0.000 -1.824 0.000 2.280 0.000 3.898 -0.000
0.000 -2.031 0.000 2.005 0.000 4.137 -0.000
0.000 -2.212 0.000 1.544 0.000 4.261 -0.000
0.000 -2.366 0.000 0.898 0.000 4.269 -0.000
0.000 -2.494 0.000 0.066 0.000 4.161 -0.000
-0.000 -5.700 0.000 -0.825 0.000 5.958 -0.000
-0.000 -8.366 0.000 -1.526 0.000 7.409 -0.000
-0.000 -10.227 0.000 -2.034 0.000 8.346 -0.000
-0.000 -11.284 0.000 -2.347 0.000 8.768 -0.000
-0.000 -11.536 0.000 -2.468 0.000 8.677 -0.000
-0.000 -10.984 0.000 -2.394 0.000 8.072 -0.000
-0.000 -9.627 0.000 -2.127 0.000 6.952 -0.000
-0.000 -7.465 0.000 -1.667 0.000 5.318 -0.000
-0.000 -4.499 0.000 -1.013 0.000 3.171 -0.000
-0.000 -0.728 0.000 -0.165 0.000 0.509 -0.000
-0.000 0.851 -0.000 0.773 0.000 -0.324 0.000
-0.000 1.760 -0.000 1.523 0.000 -0.689 0.000
-0.000 2.540 -0.000 2.071 0.000 -1.025 0.000
-0.000 3.190 -0.000 2.418 0.000 -1.332 0.000
-0.000 3.710 -0.000 2.564 0.000 -1.610 0.000
-0.000 4.101 -0.000 2.508 0.000 -1.859 0.000
-0.000 4.362 -0.000 2.250 0.000 -2.079 0.000
-0.000 4.494 -0.000 1.792 0.000 -2.271 0.000
-0.000 4.496 -0.000 1.131 0.000 -2.433 0.000
-0.000 4.369 -0.000 0.270 0.000 -2.566 0.000
0.000 5.693 -0.000 -0.712 -0.000 -5.158 0.000
0.000 7.163 -0.000 -1.511 -0.000 -7.982 0.000
0.000 8.137 -0.000 -2.100 -0.000 -10.000 0.000
0.000 8.615 -0.000 -2.481 -0.000 -11.212 0.000
0.000 8.597 -0.000 -2.653 -0.000 -11.618 0.000
0.000 8.082 -0.000 -2.616 -0.000 -11.219 0.000
0.000 7.072 -0.000 -2.370 -0.000 -10.013 0.000
0.000 5.564 -0.000 -1.916 -0.000 -8.002 0.000
0.000 3.561 -0.000 -1.252 -0.000 -5.184 0.000
0.000 1.062 -0.000 -0.380 -0.000 -1.561 0.000
0.000 -0.297 0.000 0.642 0.000 0.755 -0.000
0.000 -0.739 0.000 1.490 0.000 1.832 -0.000
0.000 -1.142 0.000 2.123 0.000 2.749 -0.000
0.000 -1.507 0.000 2.539 0.000 3.507 -0.000
0.000 -1.833 0.000 2.739 0.000 4.105 -0.000
0.000 -2.120 0.000 2.722 0.000 4.545 -0.000
0.000 -2.369 0.000 2.490 0.000 4.824 -0.000
0.000 -2.579 0.000 2.041 0.000 4.945 -0.000
0.000 -2.751 0.000 1.376 0.000 4.906 -0.000
0.000 -2.883 0.000 0.494 0.000 4.708 -0.000
-0.000 -4.716 0.000 -0.562 0.000 5.454 -0.000
-0.000 -7.524 0.000 -1.460 0.000 6.818 -0.000
-0.000 -9.562 0.000 -2.136 0.000 7.730 -0.000
-0.000 -10.830 0.000 -2.588 0.000 8.192 -0.000
-0.000 -11.329 0.000 -2.817 0.000 8.203 -0.000
-0.000 -11.058 0.000 -2.823 0.000 7.763 -0.000
-0.000 -10.017 0.000 -2.605 0.000 6.873 -0.000
-0.000 -8.207 0.000 -2.164 0.000 5.531 -0.000
-0.000 -5.627 0.000 -1.500 0.000 3.739 -0.000
-0.000 -2.278 0.000 -0.612 0.000 1.496 -0.000
-0.000 0.552 -0.000 0.473 0.000 -0.210 0.000
-0.000 1.729 -0.000 1.423 0.000 -0.676 0.000
-0.000 2.733 -0.000 2.142 0.000 -1.101 0.000
-0.000 3.564 -0.000 2.632 0.000 -1.486 0.000
-0.000 4.222 -0.000 2.891 0.000 -1.830 0.000
-0.000 4.707 -0.000 2.920 0.000 -2.133 0.000
-0.000 5.018 -0.000 2.719 0.000 -2.396 0.000
-0.000 5.156 -0.000 2.288 0.000 -2.618 0.000
-0.000 5.121 -0.000 1.626 0.000 -2.799 0.000
-0.000 4.913 -0.000 0.734 0.000 -2.940 0.000
0.000 5.214 -0.000 -0.374 -0.000 -4.133 0.000
0.000 6.595 -0.000 -1.375 -0.000 -7.094 0.000
0.000 7.540 -0.000 -2.140 -0.000 -9.283 0.000
0.000 8.049 -0.000 -2.667 -0.000 -10.702 0.000
0.000 8.122 -0.000 -2.958 -0.000 -11.350 0.000
0.000 7.758 -0.000 -3.012 -0.000 -11.227 0.000
0.000 6.959 -0.000 -2.829 -0.000 -10.333 0.000
0.000 5.722 -0.000 -2.409 -0.000 -8.669 0.000
0.000 4.050 -0.000 -1.752 -0.000 -6.233 0.000
0.000 1.942 -0.000 -0.859 -0.000 -3.027 0.000
-0.000 -0.131 0.000 0.267 0.000 0.334 -0.000
-0.000 -0.691 0.000 1.320 0.000 1.712 -0.000
-0.000 -1.198 0.000 2.130 0.000 2.882 -0.000
-0.000 -1.651 0.000 2.696 0.000 3.845 -0.000
-0.000 -2.052 0.000 3.020 0.000 4.601 -0.000
-0.000 -2.400 0.000 3.100 0.000 5.150 -0.000
-0.000 -2.696 0.000 2.936 0.000 5.491 -0.000
-0.000 -2.938 0.000 2.529 0.000 5.624 -0.000
-0.000 -3.128 0.000 1.879 0.000 5.550 -0.000
-0.000 -3.265 0.000 0.986 0.000 5.269 -0.000
-0.000 -3.743 0.000 -0.151 0.000 5.030 -0.000
-0.000 -6.649 0.000 -1.256 0.000 6.289 -0.000
-0.000 -8.824 0.000 -2.111 0.000 7.154 -0.000
-0.000 -10.269 0.000 -2.717 0.000 7.628 -0.000
-0.000 -10.982 0.000 -3.073 0.000 7.708 -0.000
-0.000 -10.965 0.000 -3.181 0.000 7.397 -0.000
-0.000 -10.217 0.000 -3.038 0.000 6.692 -0.000
-0.000 -8.739 0.000 -2.646 0.000 5.596 -0.000
-0.000 -6.529 0.000 -2.005 0.000 4.106 -0.000
-0.000 -3.589 0.000 -1.115 0.000 2.225 -0.000
-0.000 0.032 -0.000 0.026 0.000 -0.012 0.000
-0.000 1.520 -0.000 1.183 0.000 -0.598 0.000
-0.000 2.787 -0.000 2.085 0.000 -1.129 0.000
-0.000 3.834 -0.000 2.731 0.000 -1.605 0.000
-0.000 4.660 -0.000 3.122 0.000 -2.027 0.000
-0.000 5.265 -0.000 3.257 0.000 -2.393 0.000
-0.000 5.649 -0.000 3.137 0.000 -2.704 0.000
-0.000 5.813 -0.000 2.762 0.000 -2.961 0.000
-0.000 5.756 -0.000 2.131 0.000 -3.163 0.000
-0.000 5.478 -0.000 1.245 0.000 -3.310 0.000
-0.000 4.980 -0.000 0.103 0.000 -3.402 0.000
0.000 6.088 -0.000 -1.101 -0.000 -6.183 0.000
0.000 6.982 -0.000 -2.049 -0.000 -8.501 0.000
0.000 7.496 -0.000 -2.736 -0.000 -10.088 0.000
0.000 7.629 -0.000 -3.162 -0.000 -10.944 0.000
0.000 7.382 -0.000 -3.327 -0.000 -11.069 0.000
0.000 6.753 -0.000 -3.230 -0.000 -10.462 0.000
0.000 5.744 -0.000 -2.873 -0.000 -9.123 0.000
0.000 4.354 -0.000 -2.255 -0.000 -7.054 0.000
0.000 2.584 -0.000 -1.376 -0.000 -4.253 0.000
0.000 0.432 -0.000 -0.235 -0.000 -0.721 0.000
-0.000 -0.566 0.000 1.012 0.000 1.391 -0.000
-0.000 -1.195 0.000 2.006 0.000 2.856 -0.000
-0.000 -1.754 0.000 2.735 0.000 4.062 -0.000
-0.000 -2.243 0.000 3.196 0.000 5.009 -0.000
-0.000 -2.663 0.000 3.391 0.000 5.697 -0.000
-0.000 -3.013 0.000 3.320 0.000 6.127 -0.000
-0.000 -3.293 0.000 2.982 0.000 6.297 -0.000
-0.000 -3.504 0.000 2.378 0.000 6.209 -0.000
-0.000 -3.645 0.000 1.507 0.000 5.862 -0.000
-0.000 -3.716 0.000 0.370 0.000 5.256 -0.000
-0.000 -5.774 0.000 -0.914 0.000 5.822 -0.000
-0.000 -8.043 0.000 -1.955 0.000 6.623 -0.000
-0.000 -9.624 0.000 -2.724 0.000 7.085 -0.000
-0.000 -10.516 0.000 -3.222 0.000 7.208 -0.000
-0.000 -10.721 0.000 -3.448 0.000 6.992 -0.000
-0.000 -10.238 0.000 -3.403 0.000 6.436 -0.000
-0.000 -9.067 0.000 -3.086 0.000 5.542 -0.000
-0.000 -7.207 0.000 -2.498 0.000 4.308 -0.000
-0.000 -4.660 0.000 -1.638 0.000 2.736 -0.000
-0.000 -1.425 0.000 -0.506 0.000 0.824 -0.000
-0.000 1.103 -0.000 0.808 0.000 -0.440 0.000
-0.000 2.674 -0.000 1.896 0.000 -1.097 0.000
-0.000 3.974 -0.000 2.707 0.000 -1.681 0.000
-0.000 5.002 -0.000 3.242 0.000 -2.194 0.000
-0.000 5.759 -0.000 3.500 0.000 -2.635 0.000
-0.000 6.245 -0.000 3.482 0.000 -3.004 0.000
-0.000 6.459 -0.000 3.187 0.000 -3.302 0.000
-0.000 6.402 -0.000 2.616 0.000 -3.528 0.000
-0.000 6.074 -0.000 1.769 0.000 -3.682 0.000
-0.000 5.474 -0.000 0.644 0.000 -3.764 0.000
0.000 5.641 -0.000 -0.694 -0.000 -5.283 0.000
0.000 6.468 -0.000 -1.828 -0.000 -7.684 0.000
0.000 6.965 -0.000 -2.681 -0.000 -9.397 0.000
0.000 7.133 -0.000 -3.253 -0.000 -10.423 0.000
0.000 6.971 -0.000 -3.544 -0.000 -10.761 0.000
0.000 6.479 -0.000 -3.554 -0.000 -10.411 0.000
0.000 5.657 -0.000 -3.282 -0.000 -9.374 0.000
0.000 4.506 -0.000 -2.730 -0.000 -7.649 0.000
0.000 3.025 -0.000 -1.897 -0.000 -5.236 0.000
0.000 1.214 -0.000 -0.783 -0.000 -2.136 0.000
-0.000 -0.346 0.000 0.572 0.000 0.838 -0.000
-0.000 -1.120 0.000 1.753 0.000 2.640 -0.000
-0.000 -1.804 0.000 2.648 0.000 4.128 -0.000
-0.000 -2.398 0.000 3.257 0.000 5.304 -0.000
-0.000 -2.903 0.000 3.581 0.000 6.168 -0.000
-0.000 -3.319 0.000 3.620 0.000 6.718 -0.000
-0.000 -3.645 0.000 3.374 0.000 6.955 -0.000
-0.000 -3.881 0.000 2.842 0.000 6.880 -0.000
-0.000 -4.029 0.000 2.025 0.000 6.491 -0.000
-0.000 -4.086 0.000 0.923 0.000 5.790 -0.000
-0.000 -4.932 0.000 -0.443 0.000 5.414 -0.000
-0.000 -7.248 0.000 -1.669 0.000 6.137 -0.000
-0.000 -8.922 0.000 -2.606 0.000 6.571 -0.000
-0.000 -9.955 0.000 -3.253 0.000 6.713 -0.000
-0.000 -10.346 0.000 -3.611 0.000 6.565 -0.000
-0.000 -10.095 0.000 -3.680 0.000 6.126 -0.000
-0.000 -9.202 0.000 -3.459 0.000 5.397 -0.000
-0.000 -7.667 0.000 -2.949 0.000 4.377 -0.000
-0.000 -5.491 0.000 -2.150 0.000 3.067 -0.000
-0.000 -2.673 0.000 -1.061 0.000 1.466 -0.000
-0.000 0.448 -0.000 0.307 0.000 -0.183 0.000
-0.000 2.364 -0.000 1.579 0.000 -0.988 0.000
-0.000 3.956 -0.000 2.557 0.000 -1.702 0.000
-0.000 5.224 -0.000 3.243 0.000 -2.325 0.000
-0.000 6.168 -0.000 3.635 0.000 -2.855 0.000
-0.000 6.788 -0.000 3.734 0.000 -3.294 0.000
-0.000 7.083 -0.000 3.540 0.000 -3.641 0.000
-0.000 7.055 -0.000 3.053 0.000 -3.897 0.000
-0.000 6.702 -0.000 2.273 0.000 -4.061 0.000
-0.000 6.025 -0.000 1.200 0.000 -4.133 0.000
0.000 5.252 -0.000 -0.165 -0.000 -4.430 0.000
0.000 5.999 -0.000 -1.481 -0.000 -6.864 0.000
0.000 6.462 -0.000 -2.500 -0.000 -8.658 0.000
0.000 6.643 -0.000 -3.223 -0.000 -9.812 0.000
0.000 6.541 -0.000 -3.650 -0.000 -10.326 0.000
0.000 6.155 -0.000 -3.780 -0.000 -10.199 0.000
0.000 5.486 -0.000 -3.614 -0.000 -9.433 0.000
0.000 4.535 -0.000 -3.152 -0.000 -8.026 0.000
0.000 3.300 -0.000 -2.392 -0.000 -5.978 0.000
0.000 1.782 -0.000 -1.337 -0.000 -3.291 0.000
-0.000 -0.010 0.000 0.015 0.000 0.024 -0.000
-0.000 -0.955 0.000 1.376 0.000 2.205 -0.000
-0.000 -1.787 0.000 2.436 0.000 4.017 -0.000
-0.000 -2.507 0.000 3.198 0.000 5.461 -0.000
-0.000 -3.115 0.000 3.659 0.000 6.537 -0.000
-0.000 -3.610 0.000 3.821 0.000 7.243 -0.000
-0.000 -3.993 0.000 3.683 0.000 7.582 -0.000
-0.000 -4.263 0.000 3.246 0.000 7.551 -0.000
-0.000 -4.421 0.000 2.509 0.000 7.153 -0.000
-0.000 -4.467 0.000 1.473 0.000 6.385 -0.000
-0.000 -4.400 0.000 0.136 0.000 5.249 -0.000
-0.000 -6.470 0.000 -1.264 0.000 5.697 -0.000
-0.000 -8.193 0.000 -2.365 0.000 6.088 -0.000
-0.000 -9.324 0.000 -3.163 0.000 6.232 -0.000
-0.000 -9.862 0.000 -3.660 0.000 6.129 -0.000
-0.000 -9.808 0.000 -3.854 0.000 5.780 -0.000
-0.000 -9.161 0.000 -3.745 0.000 5.184 -0.000
-0.000 -7.921 0.000 -3.335 0.000 4.341 -0.000
-0.000 -6.089 0.000 -2.621 0.000 3.251 -0.000
-0.000 -3.664 0.000 -1.606 0.000 1.915 -0.000
-0.000 -0.647 0.000 -0.288 0.000 0.332 -0.000
-0.000 1.831 -0.000 1.145 0.000 -0.786 0.000
-0.000 3.755 -0.000 2.286 0.000 -1.654 0.000
-0.000 5.301 -0.000 3.123 0.000 -2.407 0.000
-0.000 6.468 -0.000 3.654 0.000 -3.046 0.000
-0.000 7.257 -0.000 3.880 0.000 -3.569 0.000
-0.000 7.668 -0.000 3.802 0.000 -3.978 0.000
-0.000 7.700 -0.000 3.418 0.000 -4.272 0.000
-0.000 7.354 -0.000 2.730 0.000 -4.450 0.000
-0.000 6.630 -0.000 1.736 0.000 -4.514 0.000
-0.000 5.528 -0.000 0.438 0.000 -4.463 0.000
0.000 5.574 -0.000 -1.020 -0.000 -6.074 0.000
0.000 5.991 -0.000 -2.200 -0.000 -7.902 0.000
0.000 6.168 -0.000 -3.074 -0.000 -9.140 0.000
0.000 6.104 -0.000 -3.640 -0.000 -9.789 0.000
0.000 5.799 -0.000 -3.899 -0.000 -9.848 0.000
0.000 5.253 -0.000 -3.851 -0.000 -9.317 0.000
0.000 4.466 -0.000 -3.496 -0.000 -8.197 0.000
0.000 3.438 -0.000 -2.833 -0.000 -6.488 0.000
0.000 2.170 -0.000 -1.864 -0.000 -4.189 0.000
0.000 0.661 -0.000 -0.587 -0.000 -1.300 0.000
-0.000 -0.679 0.000 0.889 0.000 1.526 -0.000
-0.000 -1.688 0.000 2.108 0.000 3.701 -0.000
-0.000 -2.557 0.000 3.018 0.000 5.452 -0.000
-0.000 -3.288 0.000 3.619 0.000 6.778 -0.000
-0.000 -3.881 0.000 3.911 0.000 7.680 -0.000
-0.000 -4.334 0.000 3.894 0.000 8.156 -0.000
-0.000 -4.649 0.000 3.568 0.000 8.207 -0.000
-0.000 -4.825 0.000 2.932 0.000 7.834 -0.000
-0.000 -4.862 0.000 1.988 0.000 7.035 -0.000
-0.000 -4.761 0.000 0.735 0.000 5.812 -0.000
-0.000 -5.737 0.000 -0.753 0.000 5.299 -0.000
-0.000 -7.464 0.000 -2.009 0.000 5.638 -0.000
-0.000 -8.651 0.000 -2.955 0.000 5.770 -0.000
-0.000 -9.296 0.000 -3.591 0.000 5.695 -0.000
-0.000 -9.400 0.000 -3.915 0.000 5.412 -0.000
-0.000 -8.963 0.000 -3.929 0.000 4.921 -0.000
-0.000 -7.986 0.000 -3.633 0.000 4.224 -0.000
-0.000 -6.467 0.000 -3.026 0.000 3.318 -0.000
-0.000 -4.408 0.000 -2.108 0.000 2.206 -0.000
-0.000 -1.807 0.000 -0.880 0.000 0.885 -0.000
0.000 1.050 -0.000 0.611 -0.000 -0.465 0.000
0.000 3.345 -0.000 1.904 -0.000 -1.517 0.000
0.000 5.206 -0.000 2.886 -0.000 -2.428 0.000
0.000 6.634 -0.000 3.555 -0.000 -3.196 0.000
0.000 7.630 -0.000 3.913 -0.000 -3.823 0.000
0.000 8.192 -0.000 3.958 -0.000 -4.308 0.000
0.000 8.322 -0.000 3.692 -0.000 -4.651 0.000
0.000 8.018 -0.000 3.114 -0.000 -4.853 0.000
0.000 7.281 -0.000 2.224 -0.000 -4.912 0.000
0.000 6.111 -0.000 1.022 -0.000 -4.830 0.000
0.000 5.189 -0.000 -0.464 -0.000 -5.344 0.000
0.000 5.552 -0.000 -1.793 -0.000 -7.158 0.000
0.000 5.712 -0.000 -2.809 -0.000 -8.435 0.000
0.000 5.669 -0.000 -3.512 -0.000 -9.176 0.000
0.000 5.423 -0.000 -3.903 -0.000 -9.381 0.000
0.000 4.974 -0.000 -3.980 -0.000 -9.050 0.000
0.000 4.322 -0.000 -3.745 -0.000 -8.182 0.000
0.000 3.468 -0.000 -3.196 -0.000 -6.778 0.000
0.000 2.411 -0.000 -2.335 -0.000 -4.837 0.000
0.000 1.151 -0.000 -1.161 -0.000 -2.361 0.000
-0.000 -0.266 0.000 0.313 0.000 0.579 -0.000
-0.000 -1.484 0.000 1.677 0.000 3.156 -0.000
-0.000 -2.532 0.000 2.726 0.000 5.252 -0.000
-0.000 -3.412 0.000 3.463 0.000 6.867 -0.000
-0.000 -4.122 0.000 3.885 0.000 8.001 -0.000
-0.000 -4.664 0.000 3.994 0.000 8.654 -0.000
-0.000 -5.037 0.000 3.790 0.000 8.825 -0.000
-0.000 -5.241 0.000 3.273 0.000 8.516 -0.000
-0.000 -5.277 0.000 2.441 0.000 7.725 -0.000
-0.000 -5.143 0.000 1.297 0.000 6.453 -0.000
-0.000 -5.076 0.000 -0.158 0.000 4.938 -0.000
-0.000 -6.763 0.000 -1.555 0.000 5.220 -0.000
-0.000 -7.961 0.000 -2.637 0.000 5.330 -0.000
-0.000 -8.673 0.000 -3.406 0.000 5.268 -0.000
-0.000 -8.896 0.000 -3.861 0.000 5.033 -0.000
-0.000 -8.632 0.000 -4.002 0.000 4.625 -0.000
-0.000 -7.881 0.000 -3.829 0.000 4.045 -0.000
-0.000 -6.642 0.000 -3.342 0.000 3.293 -0.000
-0.000 -4.916 0.000 -2.542 0.000 2.368 -0.000
-0.000 -2.702 0.000 -1.428 0.000 1.270 -0.000
0.000 0.000 0.000 0.000 0.000 0.000 0.000
0.000 0.000 0.000 0.000 0.000 0.000 0.000
