-0.000 -0.435 0.000 -1.667 0.000 -1.231 0.000
-0.000 -0.435 0.000 -1.667 0.000 -1.231 0.000
0.000 -0.435 0.000 -1.667 0.000 -1.231 -0.000
0.000 -0.435 0.001 -1.667 0.000 -1.231 -0.001
0.000 -0.435 0.001 -1.667 0.001 -1.231 -0.001
0.000 -0.435 0.002 -1.667 0.001 -1.231 -0.002
0.000 -0.436 0.003 -1.667 0.001 -1.231 -0.004
0.000 -0.436 0.005 -1.667 0.002 -1.231 -0.005
0.000 -0.436 0.006 -1.667 0.003 -1.231 -0.007
0.001 -0.436 0.008 -1.667 0.003 -1.231 -0.009
0.001 -0.436 0.009 -1.667 0.004 -1.231 -0.011
0.001 -0.436 0.011 -1.667 0.005 -1.231 -0.013
0.001 -0.436 0.013 -1.667 0.006 -1.231 -0.015
0.001 -0.436 0.015 -1.667 0.007 -1.231 -0.017
0.001 -0.436 0.017 -1.667 0.008 -1.231 -0.019
0.001 -0.436 0.019 -1.667 0.009 -1.231 -0.022
0.002 -0.436 0.021 -1.667 0.010 -1.231 -0.024
0.002 -0.436 0.023 -1.667 0.010 -1.231 -0.026
0.002 -0.436 0.025 -1.667 0.011 -1.231 -0.028
0.002 -0.436 0.027 -1.667 0.012 -1.231 -0.031
0.002 -0.436 0.029 -1.667 0.013 -1.231 -0.033
0.002 -0.436 0.030 -1.667 0.014 -1.231 -0.034
0.002 -0.436 0.032 -1.667 0.014 -1.231 -0.036
0.002 -0.436 0.033 -1.667 0.015 -1.231 -0.038
0.003 -0.436 0.035 -1.667 0.016 -1.231 -0.039
0.003 -0.436 0.037 -1.667 0.016 -1.231 -0.041
0.003 -0.436 0.038 -1.667 0.017 -1.231 -0.043
0.003 -0.436 0.040 -1.667 0.018 -1.231 -0.045
0.003 -0.436 0.041 -1.667 0.018 -1.231 -0.046
0.003 -0.436 0.043 -1.667 0.019 -1.231 -0.048
0.003 -0.436 0.044 -1.667 0.020 -1.231 -0.050
0.003 -0.436 0.046 -1.667 0.020 -1.231 -0.051
0.003 -0.436 0.047 -1.667 0.021 -1.231 -0.053
0.004 -0.436 0.049 -1.667 0.022 -1.231 -0.055
0.004 -0.437 0.050 -1.667 0.022 -1.231 -0.057
0.004 -0.437 0.052 -1.667 0.023 -1.231 -0.058
0.004 -0.437 0.053 -1.667 0.024 -1.231 -0.060
0.004 -0.437 0.055 -1.667 0.025 -1.231 -0.062
0.004 -0.437 0.056 -1.667 0.025 -1.231 -0.063
0.004 -0.437 0.058 -1.667 0.026 -1.231 -0.065
0.004 -0.437 0.059 -1.667 0.027 -1.231 -0.067
0.004 -0.437 0.061 -1.667 0.027 -1.231 -0.069
0.005 -0.437 0.062 -1.667 0.028 -1.231 -0.070
0.005 -0.437 0.064 -1.667 0.029 -1.231 -0.072
0.005 -0.437 0.065 -1.667 0.029 -1.230 -0.074
0.005 -0.437 0.067 -1.667 0.030 -1.230 -0.075
0.005 -0.437 0.068 -1.667 0.031 -1.230 -0.077
0.005 -0.438 0.070 -1.667 0.031 -1.230 -0.079
0.005 -0.438 0.071 -1.667 0.032 -1.230 -0.081
0.005 -0.438 0.073 -1.667 0.033 -1.230 -0.082
0.005 -0.438 0.074 -1.667 0.033 -1.230 -0.084
0.005 -0.438 0.076 -1.667 0.034 -1.230 -0.086
0.006 -0.438 0.077 -1.667 0.035 -1.230 -0.087
0.006 -0.438 0.079 -1.667 0.036 -1.230 -0.089
0.006 -0.438 0.080 -1.667 0.036 -1.230 -0.091
0.006 -0.438 0.082 -1.667 0.037 -1.230 -0.092
0.006 -0.438 0.083 -1.667 0.038 -1.230 -0.094
0.006 -0.439 0.085 -1.667 0.038 -1.230 -0.096
0.006 -0.439 0.087 -1.667 0.039 -1.230 -0.098
0.006 -0.439 0.088 -1.667 0.040 -1.230 -0.099
0.006 -0.439 0.090 -1.667 0.040 -1.230 -0.101
0.007 -0.439 0.091 -1.667 0.041 -1.230 -0.103
0.007 -0.439 0.093 -1.667 0.042 -1.230 -0.104
0.007 -0.439 0.094 -1.667 0.042 -1.230 -0.106
0.007 -0.439 0.096 -1.667 0.043 -1.229 -0.108
0.007 -0.439 0.097 -1.667 0.044 -1.229 -0.109
0.007 -0.440 0.099 -1.667 0.044 -1.229 -0.111
0.007 -0.440 0.100 -1.667 0.045 -1.229 -0.113
0.007 -0.440 0.102 -1.667 0.046 -1.229 -0.115
0.007 -0.440 0.103 -1.667 0.047 -1.229 -0.116
0.007 -0.440 0.105 -1.667 0.047 -1.229 -0.118
0.008 -0.440 0.106 -1.667 0.048 -1.229 -0.120
0.008 -0.440 0.108 -1.667 0.049 -1.229 -0.121
0.008 -0.441 0.109 -1.667 0.049 -1.229 -0.123
0.008 -0.441 0.111 -1.667 0.050 -1.229 -0.125
0.008 -0.441 0.112 -1.667 0.051 -1.229 -0.126
0.008 -0.441 0.114 -1.667 0.051 -1.229 -0.128
0.008 -0.441 0.115 -1.667 0.052 -1.229 -0.130
0.008 -0.441 0.117 -1.667 0.053 -1.229 -0.131
0.008 -0.441 0.118 -1.667 0.053 -1.228 -0.133
0.008 -0.442 0.120 -1.667 0.054 -1.228 -0.135
0.009 -0.442 0.121 -1.667 0.055 -1.228 -0.137
0.009 -0.442 0.123 -1.667 0.056 -1.228 -0.138
0.009 -0.442 0.124 -1.667 0.056 -1.228 -0.140
0.009 -0.442 0.126 -1.667 0.057 -1.228 -0.142
0.009 -0.442 0.127 -1.667 0.058 -1.228 -0.143
0.009 -0.443 0.128 -1.667 0.058 -1.228 -0.145
0.009 -0.443 0.130 -1.667 0.059 -1.228 -0.147
0.009 -0.443 0.131 -1.667 0.060 -1.228 -0.148
0.009 -0.443 0.133 -1.667 0.060 -1.228 -0.150
0.009 -0.443 0.134 -1.667 0.061 -1.228 -0.152
0.010 -0.443 0.136 -1.667 0.062 -1.228 -0.153
0.010 -0.444 0.137 -1.667 0.062 -1.227 -0.155
0.010 -0.444 0.139 -1.667 0.063 -1.227 -0.157
0.010 -0.444 0.140 -1.667 0.064 -1.227 -0.158
0.010 -0.444 0.142 -1.667 0.065 -1.227 -0.160
0.010 -0.444 0.143 -1.667 0.065 -1.227 -0.162
0.010 -0.445 0.145 -1.667 0.066 -1.227 -0.163
0.010 -0.445 0.146 -1.667 0.067 -1.227 -0.165
0.010 -0.445 0.148 -1.667 0.067 -1.227 -0.167
0.010 -0.445 0.149 -1.667 0.068 -1.227 -0.168
0.011 -0.445 0.151 -1.667 0.069 -1.227 -0.170
0.011 -0.446 0.152 -1.667 0.069 -1.227 -0.172
0.011 -0.446 0.154 -1.667 0.070 -1.226 -0.173
0.011 -0.446 0.155 -1.667 0.071 -1.226 -0.175
0.011 -0.446 0.157 -1.667 0.072 -1.226 -0.177
0.011 -0.446 0.158 -1.667 0.072 -1.226 -0.178
0.011 -0.447 0.160 -1.667 0.073 -1.226 -0.180
0.011 -0.447 0.161 -1.667 0.074 -1.226 -0.182
0.011 -0.447 0.163 -1.667 0.074 -1.226 -0.183
0.011 -0.447 0.164 -1.667 0.075 -1.226 -0.185
0.011 -0.447 0.165 -1.667 0.076 -1.226 -0.187
0.012 -0.448 0.167 -1.667 0.077 -1.226 -0.188
0.012 -0.448 0.168 -1.667 0.077 -1.225 -0.190
0.012 -0.448 0.170 -1.667 0.078 -1.225 -0.192
0.012 -0.448 0.171 -1.667 0.079 -1.225 -0.193
0.012 -0.449 0.173 -1.667 0.079 -1.225 -0.195
0.012 -0.449 0.174 -1.667 0.080 -1.225 -0.196
0.012 -0.449 0.176 -1.667 0.081 -1.225 -0.198
0.012 -0.449 0.177 -1.667 0.081 -1.225 -0.200
0.012 -0.449 0.179 -1.667 0.082 -1.225 -0.201
0.012 -0.450 0.180 -1.667 0.083 -1.225 -0.203
0.012 -0.450 0.182 -1.667 0.084 -1.224 -0.205
0.012 -0.450 0.183 -1.667 0.084 -1.224 -0.206
0.013 -0.450 0.184 -1.667 0.085 -1.224 -0.208
0.013 -0.451 0.186 -1.667 0.086 -1.224 -0.210
0.013 -0.451 0.187 -1.667 0.086 -1.224 -0.211
0.013 -0.451 0.189 -1.667 0.087 -1.224 -0.213
0.013 -0.451 0.190 -1.667 0.088 -1.224 -0.214
0.013 -0.452 0.192 -1.667 0.089 -1.224 -0.216
0.013 -0.452 0.193 -1.667 0.089 -1.223 -0.218
0.013 -0.452 0.195 -1.667 0.090 -1.223 -0.219
0.013 -0.453 0.196 -1.667 0.091 -1.223 -0.221
0.013 -0.453 0.198 -1.667 0.091 -1.223 -0.223
0.013 -0.453 0.199 -1.667 0.092 -1.223 -0.224
0.013 -0.453 0.200 -1.667 0.093 -1.223 -0.226
0.014 -0.454 0.202 -1.667 0.094 -1.223 -0.227
0.014 -0.454 0.203 -1.667 0.094 -1.222 -0.229
0.014 -0.454 0.205 -1.667 0.095 -1.222 -0.231
0.014 -0.454 0.206 -1.667 0.096 -1.222 -0.232
0.014 -0.455 0.208 -1.667 0.096 -1.222 -0.234
0.014 -0.455 0.209 -1.667 0.097 -1.222 -0.236
0.014 -0.455 0.210 -1.667 0.098 -1.222 -0.237
0.014 -0.456 0.212 -1.667 0.099 -1.222 -0.239
0.014 -0.456 0.213 -1.667 0.099 -1.222 -0.240
0.014 -0.456 0.215 -1.667 0.100 -1.221 -0.242
0.014 -0.456 0.216 -1.667 0.101 -1.221 -0.244
0.014 -0.457 0.218 -1.667 0.102 -1.221 -0.245
0.014 -0.457 0.219 -1.667 0.102 -1.221 -0.247
0.015 -0.457 0.220 -1.667 0.103 -1.221 -0.248
0.015 -0.458 0.222 -1.667 0.104 -1.221 -0.250
0.015 -0.458 0.223 -1.667 0.104 -1.220 -0.252
0.015 -0.458 0.225 -1.667 0.105 -1.220 -0.253
0.015 -0.459 0.226 -1.667 0.106 -1.220 -0.255
0.015 -0.459 0.228 -1.667 0.107 -1.220 -0.256
0.015 -0.459 0.229 -1.667 0.107 -1.220 -0.258
0.015 -0.460 0.230 -1.667 0.108 -1.220 -0.260
0.015 -0.460 0.232 -1.667 0.109 -1.220 -0.261
0.015 -0.460 0.233 -1.667 0.110 -1.219 -0.263
0.015 -0.461 0.235 -1.667 0.110 -1.219 -0.264
0.015 -0.461 0.236 -1.667 0.111 -1.219 -0.266
0.015 -0.461 0.237 -1.667 0.112 -1.219 -0.267
0.015 -0.462 0.239 -1.667 0.112 -1.219 -0.269
0.016 -0.462 0.240 -1.667 0.113 -1.219 -0.271
0.016 -0.462 0.242 -1.667 0.114 -1.218 -0.272
0.016 -0.463 0.243 -1.667 0.115 -1.218 -0.274
0.016 -0.463 0.244 -1.667 0.115 -1.218 -0.275
0.016 -0.463 0.246 -1.667 0.116 -1.218 -0.277
0.016 -0.464 0.247 -1.667 0.117 -1.218 -0.278
0.016 -0.464 0.249 -1.667 0.118 -1.218 -0.280
0.016 -0.464 0.250 -1.667 0.118 -1.217 -0.282
0.016 -0.465 0.251 -1.667 0.119 -1.217 -0.283
0.016 -0.465 0.253 -1.667 0.120 -1.217 -0.285
0.016 -0.465 0.254 -1.667 0.121 -1.217 -0.286
0.016 -0.466 0.256 -1.667 0.121 -1.217 -0.288
0.016 -0.466 0.257 -1.667 0.122 -1.216 -0.289
0.016 -0.466 0.258 -1.667 0.123 -1.216 -0.291
0.016 -0.467 0.260 -1.667 0.124 -1.216 -0.292
0.016 -0.467 0.261 -1.667 0.124 -1.216 -0.294
0.017 -0.468 0.262 -1.667 0.125 -1.216 -0.296
0.017 -0.468 0.264 -1.667 0.126 -1.216 -0.297
0.017 -0.468 0.265 -1.667 0.127 -1.215 -0.299
0.017 -0.469 0.267 -1.667 0.127 -1.215 -0.300
0.017 -0.469 0.268 -1.667 0.128 -1.215 -0.302
0.017 -0.469 0.269 -1.667 0.129 -1.215 -0.303
0.017 -0.470 0.271 -1.667 0.129 -1.215 -0.305
0.017 -0.470 0.272 -1.667 0.130 -1.214 -0.306
0.017 -0.471 0.273 -1.667 0.131 -1.214 -0.308
0.017 -0.471 0.275 -1.667 0.132 -1.214 -0.309
0.017 -0.471 0.276 -1.667 0.132 -1.214 -0.311
0.017 -0.472 0.277 -1.667 0.133 -1.214 -0.312
0.017 -0.472 0.279 -1.667 0.134 -1.213 -0.314
0.017 -0.473 0.280 -1.667 0.135 -1.213 -0.315
0.017 -0.473 0.281 -1.667 0.135 -1.213 -0.317
0.017 -0.473 0.283 -1.667 0.136 -1.213 -0.318
0.017 -0.474 0.284 -1.667 0.137 -1.213 -0.320
0.017 -0.474 0.285 -1.667 0.138 -1.212 -0.321
0.017 -0.475 0.287 -1.667 0.139 -1.212 -0.323
0.018 -0.475 0.288 -1.667 0.139 -1.212 -0.324
0.018 -0.475 0.290 -1.667 0.140 -1.212 -0.326
0.018 -0.476 0.291 -1.667 0.141 -1.211 -0.327
0.018 -0.476 0.292 -1.667 0.142 -1.211 -0.329
0.018 -0.477 0.293 -1.667 0.142 -1.211 -0.330
0.018 -0.477 0.295 -1.667 0.143 -1.211 -0.332
0.018 -0.478 0.296 -1.667 0.144 -1.211 -0.333
0.018 -0.478 0.297 -1.667 0.145 -1.210 -0.335
0.018 -0.478 0.299 -1.667 0.145 -1.210 -0.336
0.018 -0.479 0.300 -1.667 0.146 -1.210 -0.338
0.018 -0.479 0.301 -1.667 0.147 -1.210 -0.339
0.018 -0.480 0.303 -1.667 0.148 -1.209 -0.341
0.018 -0.480 0.304 -1.667 0.148 -1.209 -0.342
0.018 -0.481 0.305 -1.667 0.149 -1.209 -0.344
0.018 -0.481 0.307 -1.667 0.150 -1.209 -0.345
0.018 -0.482 0.308 -1.667 0.151 -1.208 -0.347
0.018 -0.482 0.309 -1.667 0.151 -1.208 -0.348
0.018 -0.483 0.311 -1.667 0.152 -1.208 -0.350
0.018 -0.483 0.312 -1.667 0.153 -1.208 -0.351
0.018 -0.483 0.313 -1.667 0.154 -1.208 -0.353
0.018 -0.484 0.314 -1.667 0.155 -1.207 -0.354
0.018 -0.484 0.316 -1.667 0.155 -1.207 -0.356
0.019 -0.485 0.317 -1.667 0.156 -1.207 -0.357
0.019 -0.485 0.318 -1.667 0.157 -1.207 -0.358
0.019 -0.486 0.320 -1.667 0.158 -1.206 -0.360
0.019 -0.486 0.321 -1.667 0.158 -1.206 -0.361
0.019 -0.487 0.322 -1.667 0.159 -1.206 -0.363
0.019 -0.487 0.323 -1.667 0.160 -1.206 -0.364
0.019 -0.488 0.325 -1.667 0.161 -1.205 -0.366
0.019 -0.488 0.326 -1.667 0.162 -1.205 -0.367
0.019 -0.489 0.327 -1.667 0.162 -1.205 -0.369
0.019 -0.489 0.328 -1.667 0.163 -1.204 -0.370
0.019 -0.490 0.330 -1.667 0.164 -1.204 -0.371
0.019 -0.490 0.331 -1.667 0.165 -1.204 -0.373
0.019 -0.491 0.332 -1.667 0.165 -1.204 -0.374
0.019 -0.491 0.334 -1.667 0.166 -1.203 -0.376
0.019 -0.492 0.335 -1.667 0.167 -1.203 -0.377
0.019 -0.492 0.336 -1.667 0.168 -1.203 -0.378
0.019 -0.493 0.337 -1.667 0.169 -1.203 -0.380
0.019 -0.493 0.339 -1.667 0.169 -1.202 -0.381
0.019 -0.494 0.340 -1.667 0.170 -1.202 -0.383
0.019 -0.494 0.341 -1.667 0.171 -1.202 -0.384
0.019 -0.495 0.342 -1.667 0.172 -1.201 -0.386
0.019 -0.495 0.343 -1.667 0.173 -1.201 -0.387
0.019 -0.496 0.345 -1.667 0.173 -1.201 -0.388
0.019 -0.496 0.346 -1.667 0.174 -1.201 -0.390
0.019 -0.497 0.347 -1.667 0.175 -1.200 -0.391
0.019 -0.498 0.348 -1.667 0.176 -1.200 -0.393
0.019 -0.498 0.350 -1.667 0.176 -1.200 -0.394
0.019 -0.499 0.351 -1.667 0.177 -1.199 -0.395
0.019 -0.499 0.352 -1.667 0.178 -1.199 -0.397
0.019 -0.500 0.353 -1.667 0.179 -1.199 -0.398
0.020 -0.500 0.354 -1.667 0.180 -1.199 -0.399
0.020 -0.501 0.356 -1.667 0.180 -1.198 -0.401
0.020 -0.501 0.357 -1.667 0.181 -1.198 -0.402
0.020 -0.502 0.358 -1.667 0.182 -1.198 -0.404
0.020 -0.502 0.359 -1.667 0.183 -1.197 -0.405
0.020 -0.503 0.360 -1.667 0.184 -1.197 -0.406
0.020 -0.504 0.362 -1.667 0.184 -1.197 -0.408
0.020 -0.504 0.363 -1.667 0.185 -1.196 -0.409
0.020 -0.505 0.364 -1.667 0.186 -1.196 -0.410
0.020 -0.505 0.365 -1.667 0.187 -1.196 -0.412
0.020 -0.506 0.366 -1.667 0.188 -1.196 -0.413
0.020 -0.506 0.368 -1.667 0.188 -1.195 -0.414
0.020 -0.507 0.369 -1.667 0.189 -1.195 -0.416
0.020 -0.508 0.370 -1.667 0.190 -1.195 -0.417
0.020 -0.508 0.371 -1.667 0.191 -1.194 -0.418
0.020 -0.509 0.372 -1.667 0.192 -1.194 -0.420
0.020 -0.509 0.373 -1.667 0.193 -1.194 -0.421
0.020 -0.510 0.374 -1.667 0.193 -1.193 -0.422
0.020 -0.511 0.376 -1.667 0.194 -1.193 -0.424
0.020 -0.511 0.377 -1.667 0.195 -1.193 -0.425
0.020 -0.512 0.378 -1.667 0.196 -1.192 -0.426
0.020 -0.512 0.379 -1.667 0.197 -1.192 -0.428
0.020 -0.513 0.380 -1.667 0.197 -1.192 -0.429
0.020 -0.514 0.381 -1.667 0.198 -1.191 -0.430
0.020 -0.514 0.382 -1.667 0.199 -1.191 -0.432
0.020 -0.515 0.384 -1.667 0.200 -1.191 -0.433
0.020 -0.516 0.385 -1.667 0.201 -1.190 -0.434
0.020 -0.516 0.386 -1.667 0.201 -1.190 -0.436
0.020 -0.517 0.387 -1.667 0.202 -1.190 -0.437
0.020 -0.517 0.388 -1.667 0.203 -1.189 -0.438
0.020 -0.518 0.389 -1.667 0.204 -1.189 -0.439
0.020 -0.519 0.390 -1.667 0.205 -1.188 -0.441
0.020 -0.519 0.391 -1.667 0.206 -1.188 -0.442
0.020 -0.520 0.393 -1.667 0.206 -1.188 -0.443
0.020 -0.521 0.394 -1.667 0.207 -1.187 -0.445
0.020 -0.521 0.395 -1.667 0.208 -1.187 -0.446
0.020 -0.522 0.396 -1.667 0.209 -1.187 -0.447
0.020 -0.523 0.397 -1.667 0.210 -1.186 -0.448
0.020 -0.523 0.398 -1.667 0.210 -1.186 -0.450
0.020 -0.524 0.399 -1.667 0.211 -1.186 -0.451
0.021 -0.525 0.400 -1.667 0.212 -1.185 -0.452
0.021 -0.525 0.401 -1.667 0.213 -1.185 -0.454
0.021 -0.526 0.402 -1.667 0.214 -1.184 -0.455
0.021 -0.527 0.403 -1.667 0.215 -1.184 -0.456
0.021 -0.527 0.404 -1.667 0.215 -1.184 -0.457
0.021 -0.528 0.405 -1.667 0.216 -1.183 -0.459
0.021 -0.529 0.406 -1.667 0.217 -1.183 -0.460
0.021 -0.529 0.408 -1.667 0.218 -1.182 -0.461
0.021 -0.530 0.409 -1.667 0.219 -1.182 -0.462
0.021 -0.531 0.410 -1.667 0.220 -1.182 -0.464
0.021 -0.531 0.411 -1.667 0.220 -1.181 -0.465
0.021 -0.532 0.412 -1.667 0.221 -1.181 -0.466
0.021 -0.533 0.413 -1.667 0.222 -1.181 -0.467
0.021 -0.533 0.414 -1.667 0.223 -1.180 -0.468
0.021 -0.534 0.415 -1.667 0.224 -1.180 -0.470
0.021 -0.535 0.416 -1.667 0.225 -1.179 -0.471
0.021 -0.535 0.417 -1.667 0.225 -1.179 -0.472
0.021 -0.536 0.418 -1.667 0.226 -1.178 -0.473
0.021 -0.537 0.419 -1.667 0.227 -1.178 -0.475
0.021 -0.538 0.420 -1.667 0.228 -1.178 -0.476
0.021 -0.538 0.421 -1.667 0.229 -1.177 -0.477
0.021 -0.539 0.422 -1.667 0.230 -1.177 -0.478
0.021 -0.540 0.423 -1.667 0.230 -1.176 -0.479
0.021 -0.540 0.424 -1.667 0.231 -1.176 -0.481
0.021 -0.541 0.425 -1.667 0.232 -1.176 -0.482
0.021 -0.542 0.426 -1.667 0.233 -1.175 -0.483
0.021 -0.543 0.427 -1.667 0.234 -1.175 -0.484
0.021 -0.543 0.428 -1.667 0.235 -1.174 -0.485
0.021 -0.544 0.429 -1.667 0.235 -1.174 -0.486
0.021 -0.545 0.430 -1.667 0.236 -1.173 -0.488
0.021 -0.546 0.431 -1.667 0.237 -1.173 -0.489
0.021 -0.546 0.432 -1.667 0.238 -1.173 -0.490
0.021 -0.547 0.433 -1.667 0.239 -1.172 -0.491
0.021 -0.548 0.433 -1.667 0.240 -1.172 -0.492
0.021 -0.549 0.434 -1.667 0.241 -1.171 -0.493
0.021 -0.549 0.435 -1.667 0.241 -1.171 -0.495
0.021 -0.550 0.436 -1.667 0.242 -1.170 -0.496
0.021 -0.551 0.437 -1.667 0.243 -1.170 -0.497
0.022 -0.552 0.438 -1.667 0.244 -1.169 -0.498
0.022 -0.552 0.439 -1.667 0.245 -1.169 -0.499
0.022 -0.553 0.440 -1.667 0.246 -1.168 -0.500
0.022 -0.554 0.441 -1.667 0.246 -1.168 -0.502
0.022 -0.555 0.442 -1.667 0.247 -1.168 -0.503
0.022 -0.555 0.443 -1.667 0.248 -1.167 -0.504
0.022 -0.556 0.444 -1.667 0.249 -1.167 -0.505
0.022 -0.557 0.444 -1.667 0.250 -1.166 -0.506
0.022 -0.558 0.445 -1.667 0.251 -1.166 -0.507
0.022 -0.559 0.446 -1.667 0.252 -1.165 -0.508
0.022 -0.559 0.447 -1.667 0.252 -1.165 -0.509
0.022 -0.560 0.448 -1.667 0.253 -1.164 -0.511
0.022 -0.561 0.449 -1.667 0.254 -1.164 -0.512
0.022 -0.562 0.450 -1.667 0.255 -1.163 -0.513
0.022 -0.563 0.451 -1.667 0.256 -1.163 -0.514
0.022 -0.563 0.451 -1.667 0.257 -1.162 -0.515
0.022 -0.564 0.452 -1.667 0.258 -1.162 -0.516
0.022 -0.565 0.453 -1.667 0.258 -1.161 -0.517
0.022 -0.566 0.454 -1.667 0.259 -1.161 -0.518
0.022 -0.567 0.455 -1.667 0.260 -1.160 -0.519
0.022 -0.567 0.456 -1.667 0.261 -1.160 -0.521
0.022 -0.568 0.457 -1.667 0.262 -1.159 -0.522
0.022 -0.569 0.457 -1.667 0.263 -1.159 -0.523
0.022 -0.570 0.458 -1.667 0.264 -1.158 -0.524
0.022 -0.571 0.459 -1.667 0.264 -1.158 -0.525
0.023 -0.571 0.460 -1.667 0.265 -1.157 -0.526
0.023 -0.572 0.461 -1.667 0.266 -1.157 -0.527
0.023 -0.573 0.461 -1.667 0.267 -1.156 -0.528
0.023 -0.574 0.462 -1.667 0.268 -1.156 -0.529
0.023 -0.575 0.463 -1.667 0.269 -1.155 -0.530
0.023 -0.576 0.464 -1.667 0.270 -1.155 -0.531
0.023 -0.576 0.465 -1.667 0.270 -1.154 -0.532
0.023 -0.577 0.465 -1.667 0.271 -1.154 -0.533
0.023 -0.578 0.466 -1.667 0.272 -1.153 -0.534
0.023 -0.579 0.467 -1.667 0.273 -1.153 -0.535
0.023 -0.580 0.468 -1.667 0.274 -1.152 -0.537
0.023 -0.581 0.468 -1.667 0.275 -1.151 -0.538
0.023 -0.582 0.469 -1.667 0.276 -1.151 -0.539
0.023 -0.582 0.470 -1.667 0.276 -1.150 -0.540
0.023 -0.583 0.471 -1.667 0.277 -1.150 -0.541
0.023 -0.584 0.471 -1.667 0.278 -1.149 -0.542
0.023 -0.585 0.472 -1.667 0.279 -1.149 -0.543
0.023 -0.586 0.473 -1.667 0.280 -1.148 -0.544
0.024 -0.587 0.474 -1.667 0.281 -1.148 -0.545
0.024 -0.588 0.474 -1.667 0.282 -1.147 -0.546
0.024 -0.589 0.475 -1.667 0.282 -1.147 -0.547
0.024 -0.589 0.476 -1.667 0.283 -1.146 -0.548
0.024 -0.590 0.477 -1.667 0.284 -1.145 -0.549
0.024 -0.591 0.477 -1.667 0.285 -1.145 -0.550
0.024 -0.592 0.478 -1.667 0.286 -1.144 -0.551
0.024 -0.593 0.479 -1.667 0.287 -1.144 -0.552
0.024 -0.594 0.479 -1.667 0.288 -1.143 -0.553
0.024 -0.595 0.480 -1.667 0.288 -1.143 -0.554
0.024 -0.596 0.481 -1.667 0.289 -1.142 -0.555
0.024 -0.597 0.481 -1.667 0.290 -1.141 -0.556
0.024 -0.597 0.482 -1.667 0.291 -1.141 -0.557
0.024 -0.598 0.483 -1.667 0.292 -1.140 -0.558
0.024 -0.599 0.483 -1.667 0.293 -1.140 -0.559
0.025 -0.600 0.484 -1.667 0.294 -1.139 -0.560
0.025 -0.601 0.485 -1.667 0.294 -1.138 -0.561
0.025 -0.602 0.485 -1.667 0.295 -1.138 -0.562
0.025 -0.603 0.486 -1.667 0.296 -1.137 -0.563
0.025 -0.604 0.487 -1.667 0.297 -1.137 -0.564
0.025 -0.605 0.487 -1.667 0.298 -1.136 -0.565
0.025 -0.606 0.488 -1.667 0.299 -1.135 -0.566
0.025 -0.607 0.489 -1.667 0.300 -1.135 -0.567
0.025 -0.608 0.489 -1.667 0.300 -1.134 -0.568
0.025 -0.608 0.490 -1.667 0.301 -1.134 -0.569
0.025 -0.609 0.490 -1.667 0.302 -1.133 -0.569
0.026 -0.610 0.491 -1.667 0.303 -1.132 -0.570
0.026 -0.611 0.492 -1.667 0.304 -1.132 -0.571
0.026 -0.612 0.492 -1.667 0.305 -1.131 -0.572
0.026 -0.613 0.493 -1.667 0.306 -1.130 -0.573
0.026 -0.614 0.493 -1.667 0.306 -1.130 -0.574
0.026 -0.615 0.494 -1.667 0.307 -1.129 -0.575
0.026 -0.616 0.494 -1.667 0.308 -1.129 -0.576
0.026 -0.617 0.495 -1.667 0.309 -1.128 -0.577
0.026 -0.618 0.496 -1.667 0.310 -1.127 -0.578
0.026 -0.619 0.496 -1.667 0.311 -1.127 -0.579
0.027 -0.620 0.497 -1.667 0.312 -1.126 -0.580
0.027 -0.621 0.497 -1.667 0.312 -1.125 -0.581
0.027 -0.622 0.498 -1.667 0.313 -1.125 -0.582
0.027 -0.623 0.498 -1.667 0.314 -1.124 -0.583
0.027 -0.624 0.499 -1.667 0.315 -1.123 -0.583
0.027 -0.625 0.499 -1.667 0.316 -1.123 -0.584
0.027 -0.626 0.500 -1.667 0.317 -1.122 -0.585
0.027 -0.626 0.500 -1.667 0.318 -1.121 -0.586
0.027 -0.627 0.501 -1.667 0.318 -1.121 -0.587
0.028 -0.628 0.501 -1.667 0.319 -1.120 -0.588
0.028 -0.629 0.502 -1.667 0.320 -1.119 -0.589
0.028 -0.630 0.502 -1.667 0.321 -1.119 -0.590
0.028 -0.631 0.503 -1.667 0.322 -1.118 -0.591
0.028 -0.632 0.503 -1.667 0.323 -1.117 -0.592
0.028 -0.633 0.504 -1.667 0.324 -1.117 -0.592
0.028 -0.634 0.504 -1.667 0.324 -1.116 -0.593
0.028 -0.635 0.505 -1.667 0.325 -1.115 -0.594
0.029 -0.636 0.505 -1.667 0.326 -1.115 -0.595
0.029 -0.637 0.506 -1.667 0.327 -1.114 -0.596
0.029 -0.638 0.506 -1.667 0.328 -1.113 -0.597
0.029 -0.639 0.507 -1.667 0.329 -1.113 -0.598
0.029 -0.640 0.507 -1.667 0.330 -1.112 -0.599
0.029 -0.641 0.508 -1.667 0.330 -1.111 -0.599
0.029 -0.642 0.508 -1.667 0.331 -1.111 -0.600
0.030 -0.643 0.508 -1.667 0.332 -1.110 -0.601
0.030 -0.644 0.509 -1.667 0.333 -1.109 -0.602
0.030 -0.645 0.509 -1.667 0.334 -1.108 -0.603
0.030 -0.646 0.510 -1.667 0.335 -1.108 -0.604
0.030 -0.647 0.510 -1.667 0.335 -1.107 -0.605
0.030 -0.648 0.510 -1.667 0.336 -1.106 -0.605
0.030 -0.649 0.511 -1.667 0.337 -1.106 -0.606
0.031 -0.650 0.511 -1.667 0.338 -1.105 -0.607
0.031 -0.651 0.512 -1.667 0.339 -1.104 -0.608
0.031 -0.652 0.512 -1.667 0.340 -1.103 -0.609
0.031 -0.653 0.512 -1.667 0.340 -1.103 -0.610
0.031 -0.654 0.513 -1.667 0.341 -1.102 -0.610
0.031 -0.655 0.513 -1.667 0.342 -1.101 -0.611
0.032 -0.656 0.513 -1.667 0.343 -1.100 -0.612
0.032 -0.657 0.514 -1.667 0.344 -1.100 -0.613
0.032 -0.658 0.514 -1.667 0.345 -1.099 -0.614
0.032 -0.659 0.515 -1.667 0.345 -1.098 -0.615
0.032 -0.661 0.515 -1.667 0.346 -1.097 -0.615
0.032 -0.662 0.515 -1.667 0.347 -1.097 -0.616
0.033 -0.663 0.516 -1.667 0.348 -1.096 -0.617
0.033 -0.664 0.516 -1.667 0.349 -1.095 -0.618
0.033 -0.665 0.516 -1.667 0.350 -1.094 -0.619
0.033 -0.666 0.516 -1.667 0.350 -1.094 -0.620
0.033 -0.667 0.517 -1.667 0.351 -1.093 -0.620
0.034 -0.668 0.517 -1.667 0.352 -1.092 -0.621
0.034 -0.669 0.517 -1.667 0.353 -1.091 -0.622
0.034 -0.670 0.518 -1.667 0.354 -1.091 -0.623
0.034 -0.671 0.518 -1.667 0.355 -1.090 -0.624
0.034 -0.672 0.518 -1.667 0.355 -1.089 -0.624
0.034 -0.673 0.519 -1.667 0.356 -1.088 -0.625
0.035 -0.674 0.519 -1.667 0.357 -1.088 -0.626
0.035 -0.675 0.519 -1.667 0.358 -1.087 -0.627
0.035 -0.676 0.519 -1.667 0.359 -1.086 -0.628
0.035 -0.677 0.520 -1.667 0.360 -1.085 -0.628
0.035 -0.678 0.520 -1.667 0.360 -1.084 -0.629
0.036 -0.679 0.520 -1.667 0.361 -1.084 -0.630
0.036 -0.680 0.520 -1.667 0.362 -1.083 -0.631
0.036 -0.681 0.521 -1.667 0.363 -1.082 -0.631
0.036 -0.682 0.521 -1.667 0.364 -1.081 -0.632
0.037 -0.684 0.521 -1.667 0.364 -1.081 -0.633
0.037 -0.685 0.521 -1.667 0.365 -1.080 -0.634
0.037 -0.686 0.522 -1.667 0.366 -1.079 -0.635
0.037 -0.687 0.522 -1.667 0.367 -1.078 -0.635
0.037 -0.688 0.522 -1.667 0.368 -1.077 -0.636
0.038 -0.689 0.522 -1.667 0.368 -1.076 -0.637
0.038 -0.690 0.522 -1.667 0.369 -1.076 -0.638
0.038 -0.691 0.523 -1.667 0.370 -1.075 -0.638
0.038 -0.692 0.523 -1.667 0.371 -1.074 -0.639
0.039 -0.693 0.523 -1.667 0.372 -1.073 -0.640
0.039 -0.694 0.523 -1.667 0.372 -1.072 -0.641
0.039 -0.695 0.523 -1.667 0.373 -1.072 -0.641
0.039 -0.696 0.523 -1.667 0.374 -1.071 -0.642
0.040 -0.697 0.524 -1.667 0.375 -1.070 -0.643
0.040 -0.698 0.524 -1.667 0.376 -1.069 -0.644
0.040 -0.700 0.524 -1.667 0.376 -1.068 -0.644
0.040 -0.701 0.524 -1.667 0.377 -1.067 -0.645
0.041 -0.702 0.524 -1.667 0.378 -1.067 -0.646
0.041 -0.703 0.524 -1.667 0.379 -1.066 -0.647
0.041 -0.704 0.524 -1.667 0.380 -1.065 -0.647
0.041 -0.705 0.525 -1.667 0.380 -1.064 -0.648
0.042 -0.706 0.525 -1.667 0.381 -1.063 -0.649
0.042 -0.707 0.525 -1.667 0.382 -1.062 -0.649
0.042 -0.708 0.525 -1.667 0.383 -1.062 -0.650
0.042 -0.709 0.525 -1.667 0.383 -1.061 -0.651
0.043 -0.710 0.525 -1.667 0.384 -1.060 -0.652
0.043 -0.711 0.525 -1.667 0.385 -1.059 -0.652
0.043 -0.713 0.525 -1.667 0.386 -1.058 -0.653
0.043 -0.714 0.526 -1.667 0.387 -1.057 -0.654
0.044 -0.715 0.526 -1.667 0.387 -1.056 -0.655
0.044 -0.716 0.526 -1.667 0.388 -1.056 -0.655
0.044 -0.717 0.526 -1.667 0.389 -1.055 -0.656
0.044 -0.718 0.526 -1.667 0.390 -1.054 -0.657
0.045 -0.719 0.526 -1.667 0.390 -1.053 -0.657
0.045 -0.720 0.526 -1.667 0.391 -1.052 -0.658
0.045 -0.721 0.526 -1.667 0.392 -1.051 -0.659
0.046 -0.722 0.526 -1.667 0.393 -1.050 -0.659
0.046 -0.723 0.526 -1.667 0.393 -1.049 -0.660
0.046 -0.725 0.526 -1.667 0.394 -1.049 -0.661
0.046 -0.726 0.526 -1.667 0.395 -1.048 -0.662
0.047 -0.727 0.526 -1.667 0.396 -1.047 -0.662
0.047 -0.728 0.526 -1.667 0.396 -1.046 -0.663
0.047 -0.729 0.526 -1.667 0.397 -1.045 -0.664
0.048 -0.730 0.526 -1.667 0.398 -1.044 -0.664
0.048 -0.731 0.526 -1.667 0.399 -1.043 -0.665
0.048 -0.732 0.526 -1.667 0.399 -1.042 -0.666
0.049 -0.733 0.526 -1.667 0.400 -1.041 -0.666
0.049 -0.734 0.526 -1.667 0.401 -1.041 -0.667
0.049 -0.736 0.526 -1.667 0.402 -1.040 -0.668
0.050 -0.737 0.526 -1.667 0.402 -1.039 -0.668
0.050 -0.738 0.526 -1.667 0.403 -1.038 -0.669
0.050 -0.739 0.526 -1.667 0.404 -1.037 -0.670
0.050 -0.740 0.526 -1.667 0.405 -1.036 -0.671
0.051 -0.741 0.526 -1.667 0.405 -1.035 -0.671
0.051 -0.742 0.526 -1.667 0.406 -1.034 -0.672
0.051 -0.743 0.526 -1.667 0.407 -1.033 -0.673
0.052 -0.744 0.526 -1.667 0.407 -1.032 -0.673
0.052 -0.746 0.526 -1.667 0.408 -1.031 -0.674
0.052 -0.747 0.526 -1.667 0.409 -1.031 -0.675
0.053 -0.748 0.526 -1.667 0.410 -1.030 -0.675
0.053 -0.749 0.526 -1.667 0.410 -1.029 -0.676
0.053 -0.750 0.526 -1.667 0.411 -1.028 -0.677
0.054 -0.751 0.526 -1.667 0.412 -1.027 -0.677
0.054 -0.752 0.526 -1.667 0.412 -1.026 -0.678
0.054 -0.753 0.526 -1.667 0.413 -1.025 -0.678
0.055 -0.754 0.526 -1.667 0.414 -1.024 -0.679
0.055 -0.756 0.525 -1.667 0.415 -1.023 -0.680
0.056 -0.757 0.525 -1.667 0.415 -1.022 -0.680
0.056 -0.758 0.525 -1.667 0.416 -1.021 -0.681
0.056 -0.759 0.525 -1.667 0.417 -1.020 -0.682
0.057 -0.760 0.525 -1.667 0.417 -1.019 -0.682
0.057 -0.761 0.525 -1.667 0.418 -1.018 -0.683
0.057 -0.762 0.525 -1.667 0.419 -1.018 -0.684
0.058 -0.763 0.525 -1.667 0.419 -1.017 -0.684
0.058 -0.764 0.525 -1.667 0.420 -1.016 -0.685
0.058 -0.766 0.524 -1.667 0.421 -1.015 -0.686
0.059 -0.767 0.524 -1.667 0.421 -1.014 -0.686
0.059 -0.768 0.524 -1.667 0.422 -1.013 -0.687
0.060 -0.769 0.524 -1.667 0.423 -1.012 -0.687
0.060 -0.770 0.524 -1.667 0.424 -1.011 -0.688
0.060 -0.771 0.524 -1.667 0.424 -1.010 -0.689
0.061 -0.772 0.524 -1.667 0.425 -1.009 -0.689
0.061 -0.773 0.523 -1.667 0.426 -1.008 -0.690
0.061 -0.774 0.523 -1.667 0.426 -1.007 -0.691
0.062 -0.776 0.523 -1.667 0.427 -1.006 -0.691
0.062 -0.777 0.523 -1.667 0.428 -1.005 -0.692
0.063 -0.778 0.523 -1.667 0.428 -1.004 -0.692
0.063 -0.779 0.523 -1.667 0.429 -1.003 -0.693
0.063 -0.780 0.522 -1.667 0.430 -1.002 -0.694
0.064 -0.781 0.522 -1.667 0.430 -1.001 -0.694
0.064 -0.782 0.522 -1.667 0.431 -1.000 -0.695
0.065 -0.783 0.522 -1.667 0.431 -0.999 -0.696
0.065 -0.784 0.522 -1.667 0.432 -0.998 -0.696
0.065 -0.786 0.521 -1.667 0.433 -0.997 -0.697
0.066 -0.787 0.521 -1.667 0.433 -0.996 -0.697
0.066 -0.788 0.521 -1.667 0.434 -0.995 -0.698
0.067 -0.789 0.521 -1.667 0.435 -0.994 -0.699
0.067 -0.790 0.521 -1.667 0.435 -0.993 -0.699
0.067 -0.791 0.520 -1.667 0.436 -0.992 -0.700
0.068 -0.792 0.520 -1.667 0.437 -0.991 -0.700
0.068 -0.793 0.520 -1.667 0.437 -0.990 -0.701
0.069 -0.794 0.520 -1.667 0.438 -0.989 -0.702
0.069 -0.796 0.519 -1.667 0.438 -0.988 -0.702
0.069 -0.797 0.519 -1.667 0.439 -0.987 -0.703
0.070 -0.798 0.519 -1.667 0.440 -0.986 -0.703
0.070 -0.799 0.519 -1.667 0.440 -0.985 -0.704
0.071 -0.800 0.518 -1.667 0.441 -0.984 -0.705
0.071 -0.801 0.518 -1.667 0.442 -0.983 -0.705
0.072 -0.802 0.518 -1.667 0.442 -0.982 -0.706
0.072 -0.803 0.518 -1.667 0.443 -0.981 -0.706
0.073 -0.804 0.517 -1.667 0.443 -0.980 -0.707
0.073 -0.806 0.517 -1.667 0.444 -0.979 -0.707
0.073 -0.807 0.517 -1.667 0.445 -0.978 -0.708
0.074 -0.808 0.517 -1.667 0.445 -0.977 -0.709
0.074 -0.809 0.516 -1.667 0.446 -0.976 -0.709
0.075 -0.810 0.516 -1.667 0.446 -0.975 -0.710
0.075 -0.811 0.516 -1.667 0.447 -0.974 -0.710
0.076 -0.812 0.515 -1.667 0.447 -0.973 -0.711
0.076 -0.813 0.515 -1.667 0.448 -0.972 -0.711
0.077 -0.814 0.515 -1.667 0.449 -0.971 -0.712
0.077 -0.815 0.514 -1.667 0.449 -0.970 -0.713
0.077 -0.817 0.514 -1.667 0.450 -0.969 -0.713
0.078 -0.818 0.514 -1.667 0.450 -0.968 -0.714
0.078 -0.819 0.513 -1.667 0.451 -0.967 -0.714
0.079 -0.820 0.513 -1.667 0.451 -0.966 -0.715
0.079 -0.821 0.513 -1.667 0.452 -0.965 -0.715
0.080 -0.822 0.512 -1.667 0.453 -0.964 -0.716
0.080 -0.823 0.512 -1.667 0.453 -0.963 -0.717
0.081 -0.824 0.512 -1.667 0.454 -0.962 -0.717
0.081 -0.825 0.511 -1.667 0.454 -0.961 -0.718
0.082 -0.826 0.511 -1.667 0.455 -0.960 -0.718
0.082 -0.828 0.511 -1.667 0.455 -0.959 -0.719
0.083 -0.829 0.510 -1.667 0.456 -0.958 -0.719
0.083 -0.830 0.510 -1.667 0.456 -0.957 -0.720
0.084 -0.831 0.510 -1.667 0.457 -0.956 -0.720
0.084 -0.832 0.509 -1.667 0.457 -0.955 -0.721
0.085 -0.833 0.509 -1.667 0.458 -0.954 -0.721
0.085 -0.834 0.509 -1.667 0.459 -0.953 -0.722
0.085 -0.835 0.508 -1.667 0.459 -0.951 -0.723
0.086 -0.836 0.508 -1.667 0.460 -0.950 -0.723
0.086 -0.837 0.507 -1.667 0.460 -0.949 -0.724
0.087 -0.839 0.507 -1.667 0.461 -0.948 -0.724
0.087 -0.840 0.507 -1.667 0.461 -0.947 -0.725
0.088 -0.841 0.506 -1.667 0.462 -0.946 -0.725
0.088 -0.842 0.506 -1.667 0.462 -0.945 -0.726
0.089 -0.843 0.505 -1.667 0.463 -0.944 -0.726
0.089 -0.844 0.505 -1.667 0.463 -0.943 -0.727
0.090 -0.845 0.505 -1.667 0.464 -0.942 -0.727
0.090 -0.846 0.504 -1.667 0.464 -0.941 -0.728
0.091 -0.847 0.504 -1.667 0.465 -0.940 -0.728
0.092 -0.848 0.503 -1.667 0.465 -0.939 -0.729
0.092 -0.849 0.503 -1.667 0.466 -0.938 -0.729
0.093 -0.851 0.503 -1.667 0.466 -0.937 -0.730
0.093 -0.852 0.502 -1.667 0.467 -0.936 -0.731
0.094 -0.853 0.502 -1.667 0.467 -0.935 -0.731
0.094 -0.854 0.501 -1.667 0.468 -0.934 -0.732
0.095 -0.855 0.501 -1.667 0.468 -0.932 -0.732
0.095 -0.856 0.500 -1.667 0.468 -0.931 -0.733
0.096 -0.857 0.500 -1.667 0.469 -0.930 -0.733
0.096 -0.858 0.500 -1.667 0.469 -0.929 -0.734
0.097 -0.859 0.499 -1.667 0.470 -0.928 -0.734
0.097 -0.860 0.499 -1.667 0.470 -0.927 -0.735
0.098 -0.861 0.498 -1.667 0.471 -0.926 -0.735
0.098 -0.862 0.498 -1.667 0.471 -0.925 -0.736
0.099 -0.864 0.497 -1.667 0.472 -0.924 -0.736
0.099 -0.865 0.497 -1.667 0.472 -0.923 -0.737
0.100 -0.866 0.496 -1.667 0.473 -0.922 -0.737
0.100 -0.867 0.496 -1.667 0.473 -0.921 -0.738
0.101 -0.868 0.495 -1.667 0.473 -0.920 -0.738
0.102 -0.869 0.495 -1.667 0.474 -0.918 -0.739
0.102 -0.870 0.494 -1.667 0.474 -0.917 -0.739
0.103 -0.871 0.494 -1.667 0.475 -0.916 -0.740
0.103 -0.872 0.493 -1.667 0.475 -0.915 -0.740
0.104 -0.873 0.493 -1.667 0.476 -0.914 -0.741
0.104 -0.874 0.492 -1.667 0.476 -0.913 -0.741
0.105 -0.875 0.492 -1.667 0.476 -0.912 -0.742
0.105 -0.876 0.491 -1.667 0.477 -0.911 -0.742
0.106 -0.877 0.491 -1.667 0.477 -0.910 -0.742
0.107 -0.878 0.490 -1.667 0.478 -0.909 -0.743
0.107 -0.880 0.490 -1.667 0.478 -0.908 -0.743
0.108 -0.881 0.489 -1.667 0.478 -0.907 -0.744
0.108 -0.882 0.489 -1.667 0.479 -0.905 -0.744
0.109 -0.883 0.488 -1.667 0.479 -0.904 -0.745
0.109 -0.884 0.488 -1.667 0.479 -0.903 -0.745
0.110 -0.885 0.487 -1.667 0.480 -0.902 -0.746
0.110 -0.886 0.487 -1.667 0.480 -0.901 -0.746
0.111 -0.887 0.486 -1.667 0.481 -0.900 -0.747
0.112 -0.888 0.486 -1.667 0.481 -0.899 -0.747
0.112 -0.889 0.485 -1.667 0.481 -0.898 -0.748
0.113 -0.890 0.485 -1.667 0.482 -0.897 -0.748
0.113 -0.891 0.484 -1.667 0.482 -0.896 -0.749
0.114 -0.892 0.483 -1.667 0.482 -0.895 -0.749
0.115 -0.893 0.483 -1.667 0.483 -0.893 -0.749
0.115 -0.894 0.482 -1.667 0.483 -0.892 -0.750
0.116 -0.895 0.482 -1.667 0.483 -0.891 -0.750
0.116 -0.896 0.481 -1.667 0.484 -0.890 -0.751
0.117 -0.897 0.481 -1.667 0.484 -0.889 -0.751
0.117 -0.898 0.480 -1.667 0.485 -0.888 -0.752
0.118 -0.899 0.480 -1.667 0.485 -0.887 -0.752
0.119 -0.900 0.479 -1.667 0.485 -0.886 -0.753
0.119 -0.902 0.478 -1.667 0.485 -0.885 -0.753
0.120 -0.903 0.478 -1.667 0.486 -0.884 -0.754
0.120 -0.904 0.477 -1.667 0.486 -0.882 -0.754
0.121 -0.905 0.477 -1.667 0.486 -0.881 -0.754
0.122 -0.906 0.476 -1.667 0.487 -0.880 -0.755
0.122 -0.907 0.475 -1.667 0.487 -0.879 -0.755
0.123 -0.908 0.475 -1.667 0.487 -0.878 -0.756
0.123 -0.909 0.474 -1.667 0.488 -0.877 -0.756
0.124 -0.910 0.474 -1.667 0.488 -0.876 -0.757
0.125 -0.911 0.473 -1.667 0.488 -0.875 -0.757
0.125 -0.912 0.472 -1.667 0.489 -0.874 -0.757
0.126 -0.913 0.472 -1.667 0.489 -0.873 -0.758
0.127 -0.914 0.471 -1.667 0.489 -0.871 -0.758
0.127 -0.915 0.471 -1.667 0.489 -0.870 -0.759
0.128 -0.916 0.470 -1.667 0.490 -0.869 -0.759
0.128 -0.917 0.469 -1.667 0.490 -0.868 -0.760
0.129 -0.918 0.469 -1.667 0.490 -0.867 -0.760
0.130 -0.919 0.468 -1.667 0.490 -0.866 -0.760
0.130 -0.920 0.468 -1.667 0.491 -0.865 -0.761
0.131 -0.921 0.467 -1.667 0.491 -0.864 -0.761
0.132 -0.922 0.466 -1.667 0.491 -0.863 -0.762
0.132 -0.923 0.466 -1.667 0.491 -0.861 -0.762
0.133 -0.924 0.465 -1.667 0.492 -0.860 -0.762
0.133 -0.925 0.464 -1.667 0.492 -0.859 -0.763
0.134 -0.926 0.464 -1.667 0.492 -0.858 -0.763
0.135 -0.927 0.463 -1.667 0.492 -0.857 -0.764
0.135 -0.928 0.462 -1.667 0.493 -0.856 -0.764
0.136 -0.929 0.462 -1.667 0.493 -0.855 -0.764
0.137 -0.930 0.461 -1.667 0.493 -0.854 -0.765
0.137 -0.931 0.461 -1.667 0.493 -0.853 -0.765
0.138 -0.932 0.460 -1.667 0.493 -0.851 -0.766
0.139 -0.933 0.459 -1.667 0.494 -0.850 -0.766
0.139 -0.934 0.459 -1.667 0.494 -0.849 -0.766
0.140 -0.935 0.458 -1.667 0.494 -0.848 -0.767
0.140 -0.936 0.457 -1.667 0.494 -0.847 -0.767
0.141 -0.937 0.457 -1.667 0.494 -0.846 -0.768
0.142 -0.938 0.456 -1.667 0.495 -0.845 -0.768
0.142 -0.939 0.455 -1.667 0.495 -0.844 -0.768
0.143 -0.940 0.455 -1.667 0.495 -0.843 -0.769
0.144 -0.941 0.454 -1.667 0.495 -0.841 -0.769
0.144 -0.942 0.453 -1.667 0.495 -0.840 -0.769
0.145 -0.943 0.453 -1.667 0.496 -0.839 -0.770
0.146 -0.944 0.452 -1.667 0.496 -0.838 -0.770
0.146 -0.945 0.451 -1.667 0.496 -0.837 -0.771
0.147 -0.946 0.450 -1.667 0.496 -0.836 -0.771
0.148 -0.947 0.450 -1.667 0.496 -0.835 -0.771
0.148 -0.948 0.449 -1.667 0.496 -0.834 -0.772
0.149 -0.949 0.448 -1.667 0.496 -0.833 -0.772
0.150 -0.950 0.448 -1.667 0.497 -0.831 -0.772
0.150 -0.951 0.447 -1.667 0.497 -0.830 -0.773
0.151 -0.951 0.446 -1.667 0.497 -0.829 -0.773
0.152 -0.952 0.446 -1.667 0.497 -0.828 -0.774
0.152 -0.953 0.445 -1.667 0.497 -0.827 -0.774
0.153 -0.954 0.444 -1.667 0.497 -0.826 -0.774
0.154 -0.955 0.443 -1.667 0.497 -0.825 -0.775
0.155 -0.956 0.443 -1.667 0.497 -0.824 -0.775
0.155 -0.957 0.442 -1.667 0.498 -0.822 -0.775
0.156 -0.958 0.441 -1.667 0.498 -0.821 -0.776
0.157 -0.959 0.441 -1.667 0.498 -0.820 -0.776
0.157 -0.960 0.440 -1.667 0.498 -0.819 -0.776
0.158 -0.961 0.439 -1.667 0.498 -0.818 -0.777
0.159 -0.962 0.438 -1.667 0.498 -0.817 -0.777
0.159 -0.963 0.438 -1.667 0.498 -0.816 -0.777
0.160 -0.964 0.437 -1.667 0.498 -0.815 -0.778
0.161 -0.965 0.436 -1.667 0.498 -0.814 -0.778
0.161 -0.966 0.436 -1.667 0.498 -0.812 -0.778
0.162 -0.967 0.435 -1.667 0.498 -0.811 -0.779
0.163 -0.968 0.434 -1.667 0.498 -0.810 -0.779
0.164 -0.968 0.433 -1.667 0.498 -0.809 -0.779
0.164 -0.969 0.433 -1.667 0.499 -0.808 -0.780
0.165 -0.970 0.432 -1.667 0.499 -0.807 -0.780
0.166 -0.971 0.431 -1.667 0.499 -0.806 -0.780
0.166 -0.972 0.430 -1.667 0.499 -0.805 -0.781
0.167 -0.973 0.430 -1.667 0.499 -0.804 -0.781
0.168 -0.974 0.429 -1.667 0.499 -0.803 -0.781
0.169 -0.975 0.428 -1.667 0.499 -0.801 -0.782
0.169 -0.976 0.427 -1.667 0.499 -0.800 -0.782
0.170 -0.977 0.427 -1.667 0.499 -0.799 -0.782
0.171 -0.978 0.426 -1.667 0.499 -0.798 -0.782
0.171 -0.979 0.425 -1.667 0.499 -0.797 -0.783
0.172 -0.979 0.424 -1.667 0.499 -0.796 -0.783
0.173 -0.980 0.424 -1.667 0.499 -0.795 -0.783
0.174 -0.981 0.423 -1.667 0.499 -0.794 -0.784
0.174 -0.982 0.422 -1.667 0.499 -0.793 -0.784
0.175 -0.983 0.421 -1.667 0.499 -0.791 -0.784
0.176 -0.984 0.420 -1.667 0.499 -0.790 -0.785
0.177 -0.985 0.420 -1.667 0.499 -0.789 -0.785
0.177 -0.986 0.419 -1.667 0.499 -0.788 -0.785
0.178 -0.987 0.418 -1.667 0.499 -0.787 -0.785
0.179 -0.988 0.417 -1.667 0.499 -0.786 -0.786
0.180 -0.988 0.417 -1.667 0.499 -0.785 -0.786
0.180 -0.989 0.416 -1.667 0.498 -0.784 -0.786
0.181 -0.990 0.415 -1.667 0.498 -0.783 -0.787
0.182 -0.991 0.414 -1.667 0.498 -0.782 -0.787
0.183 -0.992 0.413 -1.667 0.498 -0.780 -0.787
0.183 -0.993 0.413 -1.667 0.498 -0.779 -0.787
0.184 -0.994 0.412 -1.667 0.498 -0.778 -0.788
0.185 -0.995 0.411 -1.667 0.498 -0.777 -0.788
0.186 -0.995 0.410 -1.667 0.498 -0.776 -0.788
0.186 -0.996 0.410 -1.667 0.498 -0.775 -0.789
0.187 -0.997 0.409 -1.667 0.498 -0.774 -0.789
0.188 -0.998 0.408 -1.667 0.498 -0.773 -0.789
0.189 -0.999 0.407 -1.667 0.498 -0.772 -0.789
0.189 -1.000 0.406 -1.667 0.498 -0.771 -0.790
0.190 -1.001 0.406 -1.667 0.498 -0.770 -0.790
0.191 -1.001 0.405 -1.667 0.498 -0.768 -0.790
0.192 -1.002 0.404 -1.667 0.497 -0.767 -0.790
0.192 -1.003 0.403 -1.667 0.497 -0.766 -0.791
0.193 -1.004 0.402 -1.667 0.497 -0.765 -0.791
0.194 -1.005 0.401 -1.667 0.497 -0.764 -0.791
0.195 -1.006 0.401 -1.667 0.497 -0.763 -0.791
0.196 -1.007 0.400 -1.667 0.497 -0.762 -0.792
0.196 -1.007 0.399 -1.667 0.497 -0.761 -0.792
0.197 -1.008 0.398 -1.667 0.496 -0.760 -0.792
0.198 -1.009 0.397 -1.667 0.496 -0.759 -0.792
0.199 -1.010 0.397 -1.667 0.496 -0.758 -0.793
0.200 -1.011 0.396 -1.667 0.496 -0.757 -0.793
0.200 -1.012 0.395 -1.667 0.496 -0.755 -0.793
0.201 -1.012 0.394 -1.667 0.496 -0.754 -0.793
0.202 -1.013 0.393 -1.667 0.495 -0.753 -0.794
0.203 -1.014 0.392 -1.667 0.495 -0.752 -0.794
0.204 -1.015 0.392 -1.667 0.495 -0.751 -0.794
0.204 -1.016 0.391 -1.667 0.495 -0.750 -0.794
0.205 -1.017 0.390 -1.667 0.495 -0.749 -0.794
0.206 -1.017 0.389 -1.667 0.495 -0.748 -0.795
0.207 -1.018 0.388 -1.667 0.494 -0.747 -0.795
0.208 -1.019 0.388 -1.667 0.494 -0.746 -0.795
0.208 -1.020 0.387 -1.667 0.494 -0.745 -0.795
0.209 -1.021 0.386 -1.667 0.494 -0.744 -0.796
0.210 -1.021 0.385 -1.667 0.493 -0.743 -0.796
0.211 -1.022 0.384 -1.667 0.493 -0.742 -0.796
0.212 -1.023 0.383 -1.667 0.493 -0.740 -0.796
0.212 -1.024 0.382 -1.667 0.493 -0.739 -0.796
0.213 -1.025 0.382 -1.667 0.493 -0.738 -0.797
0.214 -1.025 0.381 -1.667 0.492 -0.737 -0.797
0.215 -1.026 0.380 -1.667 0.492 -0.736 -0.797
0.216 -1.027 0.379 -1.667 0.492 -0.735 -0.797
0.217 -1.028 0.378 -1.667 0.492 -0.734 -0.797
0.217 -1.029 0.377 -1.667 0.491 -0.733 -0.798
0.218 -1.029 0.377 -1.667 0.491 -0.732 -0.798
0.219 -1.030 0.376 -1.667 0.491 -0.731 -0.798
0.220 -1.031 0.375 -1.667 0.490 -0.730 -0.798
0.221 -1.032 0.374 -1.667 0.490 -0.729 -0.798
0.222 -1.032 0.373 -1.667 0.490 -0.728 -0.799
0.222 -1.033 0.372 -1.667 0.490 -0.727 -0.799
0.223 -1.034 0.371 -1.667 0.489 -0.726 -0.799
0.224 -1.035 0.371 -1.667 0.489 -0.725 -0.799
0.225 -1.036 0.370 -1.667 0.489 -0.724 -0.799
0.226 -1.036 0.369 -1.667 0.488 -0.723 -0.800
0.227 -1.037 0.368 -1.667 0.488 -0.722 -0.800
0.228 -1.038 0.367 -1.667 0.488 -0.721 -0.800
0.228 -1.039 0.366 -1.667 0.487 -0.719 -0.800
0.229 -1.039 0.365 -1.667 0.487 -0.718 -0.800
0.230 -1.040 0.365 -1.667 0.487 -0.717 -0.800
0.231 -1.041 0.364 -1.667 0.486 -0.716 -0.801
0.232 -1.042 0.363 -1.667 0.486 -0.715 -0.801
0.233 -1.042 0.362 -1.667 0.486 -0.714 -0.801
0.234 -1.043 0.361 -1.667 0.485 -0.713 -0.801
0.234 -1.044 0.360 -1.667 0.485 -0.712 -0.801
0.235 -1.045 0.359 -1.667 0.485 -0.711 -0.801
0.236 -1.045 0.359 -1.667 0.484 -0.710 -0.802
0.237 -1.046 0.358 -1.667 0.484 -0.709 -0.802
0.238 -1.047 0.357 -1.667 0.484 -0.708 -0.802
0.239 -1.047 0.356 -1.667 0.483 -0.707 -0.802
0.240 -1.048 0.355 -1.667 0.483 -0.706 -0.802
0.241 -1.049 0.354 -1.667 0.482 -0.705 -0.802
0.242 -1.050 0.353 -1.667 0.482 -0.704 -0.803
0.242 -1.050 0.352 -1.667 0.482 -0.703 -0.803
0.243 -1.051 0.352 -1.667 0.481 -0.702 -0.803
0.244 -1.052 0.351 -1.667 0.481 -0.701 -0.803
0.245 -1.052 0.350 -1.667 0.480 -0.700 -0.803
0.246 -1.053 0.349 -1.667 0.480 -0.699 -0.803
0.247 -1.054 0.348 -1.667 0.479 -0.698 -0.803
0.248 -1.055 0.347 -1.667 0.479 -0.697 -0.804
0.249 -1.055 0.346 -1.667 0.479 -0.696 -0.804
0.250 -1.056 0.345 -1.667 0.478 -0.695 -0.804
0.251 -1.057 0.345 -1.667 0.478 -0.694 -0.804
0.251 -1.057 0.344 -1.667 0.477 -0.693 -0.804
0.252 -1.058 0.343 -1.667 0.477 -0.692 -0.804
0.253 -1.059 0.342 -1.667 0.476 -0.691 -0.804
0.254 -1.059 0.341 -1.667 0.476 -0.690 -0.804
0.255 -1.060 0.340 -1.667 0.475 -0.689 -0.805
0.256 -1.061 0.339 -1.667 0.475 -0.688 -0.805
0.257 -1.062 0.338 -1.667 0.475 -0.687 -0.805
0.258 -1.062 0.337 -1.667 0.474 -0.686 -0.805
0.259 -1.063 0.337 -1.667 0.474 -0.685 -0.805
0.260 -1.064 0.336 -1.667 0.473 -0.684 -0.805
0.261 -1.064 0.335 -1.667 0.473 -0.683 -0.805
0.262 -1.065 0.334 -1.667 0.472 -0.682 -0.805
0.263 -1.066 0.333 -1.667 0.472 -0.681 -0.806
0.264 -1.066 0.332 -1.667 0.471 -0.680 -0.806
0.264 -1.067 0.331 -1.667 0.470 -0.679 -0.806
0.265 -1.068 0.330 -1.667 0.470 -0.678 -0.806
0.266 -1.068 0.329 -1.667 0.469 -0.677 -0.806
0.267 -1.069 0.329 -1.667 0.469 -0.676 -0.806
0.268 -1.070 0.328 -1.667 0.468 -0.675 -0.806
0.269 -1.070 0.327 -1.667 0.468 -0.675 -0.806
0.270 -1.071 0.326 -1.667 0.467 -0.674 -0.806
0.271 -1.071 0.325 -1.667 0.467 -0.673 -0.807
0.272 -1.072 0.324 -1.667 0.466 -0.672 -0.807
0.273 -1.073 0.323 -1.667 0.466 -0.671 -0.807
0.274 -1.073 0.322 -1.667 0.465 -0.670 -0.807
0.275 -1.074 0.321 -1.667 0.464 -0.669 -0.807
0.276 -1.075 0.321 -1.667 0.464 -0.668 -0.807
0.277 -1.075 0.320 -1.667 0.463 -0.667 -0.807
0.278 -1.076 0.319 -1.667 0.463 -0.666 -0.807
0.279 -1.077 0.318 -1.667 0.462 -0.665 -0.807
0.280 -1.077 0.317 -1.667 0.462 -0.664 -0.807
0.281 -1.078 0.316 -1.667 0.461 -0.663 -0.808
0.282 -1.078 0.315 -1.667 0.460 -0.662 -0.808
0.283 -1.079 0.314 -1.667 0.460 -0.661 -0.808
0.284 -1.080 0.313 -1.667 0.459 -0.660 -0.808
0.285 -1.080 0.313 -1.667 0.459 -0.659 -0.808
0.286 -1.081 0.312 -1.667 0.458 -0.659 -0.808
0.287 -1.081 0.311 -1.667 0.457 -0.658 -0.808
0.288 -1.082 0.310 -1.667 0.457 -0.657 -0.808
0.289 -1.083 0.309 -1.667 0.456 -0.656 -0.808
0.290 -1.083 0.308 -1.667 0.455 -0.655 -0.808
0.291 -1.084 0.307 -1.667 0.455 -0.654 -0.808
0.292 -1.084 0.306 -1.667 0.454 -0.653 -0.808
0.293 -1.085 0.305 -1.667 0.453 -0.652 -0.809
0.294 -1.086 0.304 -1.667 0.453 -0.651 -0.809
0.295 -1.086 0.304 -1.667 0.452 -0.650 -0.809
0.296 -1.087 0.303 -1.667 0.451 -0.649 -0.809
0.297 -1.087 0.302 -1.667 0.451 -0.649 -0.809
0.298 -1.088 0.301 -1.667 0.450 -0.648 -0.809
0.299 -1.089 0.300 -1.667 0.449 -0.647 -0.809
0.300 -1.089 0.299 -1.667 0.449 -0.646 -0.809
0.301 -1.090 0.298 -1.667 0.448 -0.645 -0.809
0.302 -1.090 0.297 -1.667 0.447 -0.644 -0.809
0.303 -1.091 0.296 -1.667 0.447 -0.643 -0.809
0.304 -1.091 0.295 -1.667 0.446 -0.642 -0.809
0.305 -1.092 0.295 -1.667 0.445 -0.641 -0.809
0.306 -1.093 0.294 -1.667 0.445 -0.641 -0.809
0.307 -1.093 0.293 -1.667 0.444 -0.640 -0.809
0.308 -1.094 0.292 -1.667 0.443 -0.639 -0.810
0.309 -1.094 0.291 -1.667 0.442 -0.638 -0.810
0.311 -1.095 0.290 -1.667 0.442 -0.637 -0.810
0.312 -1.095 0.289 -1.667 0.441 -0.636 -0.810
0.313 -1.096 0.288 -1.667 0.440 -0.635 -0.810
0.314 -1.096 0.287 -1.667 0.439 -0.634 -0.810
0.315 -1.097 0.286 -1.667 0.439 -0.634 -0.810
0.316 -1.098 0.286 -1.667 0.438 -0.633 -0.810
0.317 -1.098 0.285 -1.667 0.437 -0.632 -0.810
0.318 -1.099 0.284 -1.667 0.436 -0.631 -0.810
0.319 -1.099 0.283 -1.667 0.436 -0.630 -0.810
0.320 -1.100 0.282 -1.667 0.435 -0.629 -0.810
0.321 -1.100 0.281 -1.667 0.434 -0.628 -0.810
0.322 -1.101 0.280 -1.667 0.433 -0.628 -0.810
0.323 -1.101 0.279 -1.667 0.433 -0.627 -0.810
0.324 -1.102 0.278 -1.667 0.432 -0.626 -0.810
0.326 -1.102 0.278 -1.667 0.431 -0.625 -0.810
0.327 -1.103 0.277 -1.667 0.430 -0.624 -0.810
0.328 -1.103 0.276 -1.667 0.429 -0.623 -0.810
0.329 -1.104 0.275 -1.667 0.429 -0.623 -0.810
0.330 -1.104 0.274 -1.667 0.428 -0.622 -0.811
0.331 -1.105 0.273 -1.667 0.427 -0.621 -0.811
0.332 -1.105 0.272 -1.667 0.426 -0.620 -0.811
0.333 -1.106 0.271 -1.667 0.425 -0.619 -0.811
0.334 -1.106 0.270 -1.667 0.424 -0.619 -0.811
0.336 -1.107 0.269 -1.667 0.424 -0.618 -0.811
0.337 -1.107 0.269 -1.667 0.423 -0.617 -0.811
0.338 -1.108 0.268 -1.667 0.422 -0.616 -0.811
0.339 -1.108 0.267 -1.667 0.421 -0.615 -0.811
0.340 -1.109 0.266 -1.667 0.420 -0.615 -0.811
0.341 -1.109 0.265 -1.667 0.419 -0.614 -0.811
0.342 -1.110 0.264 -1.667 0.419 -0.613 -0.811
0.343 -1.110 0.263 -1.667 0.418 -0.612 -0.811
0.345 -1.111 0.262 -1.667 0.417 -0.611 -0.811
0.346 -1.111 0.261 -1.667 0.416 -0.611 -0.811
0.347 -1.112 0.261 -1.667 0.415 -0.610 -0.811
0.348 -1.112 0.260 -1.667 0.414 -0.609 -0.811
0.349 -1.113 0.259 -1.667 0.413 -0.608 -0.811
0.350 -1.113 0.258 -1.667 0.412 -0.607 -0.811
0.351 -1.114 0.257 -1.667 0.412 -0.607 -0.811
0.353 -1.114 0.256 -1.667 0.411 -0.606 -0.811
0.354 -1.115 0.255 -1.667 0.410 -0.605 -0.811
0.355 -1.115 0.254 -1.667 0.409 -0.604 -0.811
0.356 -1.116 0.253 -1.667 0.408 -0.604 -0.811
0.357 -1.116 0.253 -1.667 0.407 -0.603 -0.811
0.358 -1.116 0.252 -1.667 0.406 -0.602 -0.811
0.360 -1.117 0.251 -1.667 0.405 -0.601 -0.811
0.361 -1.117 0.250 -1.667 0.404 -0.601 -0.811
0.362 -1.118 0.249 -1.667 0.403 -0.600 -0.811
0.363 -1.118 0.248 -1.667 0.402 -0.599 -0.811
0.364 -1.119 0.247 -1.667 0.401 -0.598 -0.811
0.365 -1.119 0.246 -1.667 0.401 -0.598 -0.811
0.367 -1.120 0.245 -1.667 0.400 -0.597 -0.811
0.368 -1.120 0.245 -1.667 0.399 -0.596 -0.811
0.369 -1.120 0.244 -1.667 0.398 -0.595 -0.812
0.370 -1.121 0.243 -1.667 0.397 -0.595 -0.812
0.371 -1.121 0.242 -1.667 0.396 -0.594 -0.812
0.373 -1.122 0.241 -1.667 0.395 -0.593 -0.812
0.374 -1.122 0.240 -1.667 0.394 -0.592 -0.812
0.375 -1.123 0.239 -1.667 0.393 -0.592 -0.812
0.376 -1.123 0.238 -1.667 0.392 -0.591 -0.812
0.377 -1.123 0.237 -1.667 0.391 -0.590 -0.812
0.379 -1.124 0.237 -1.667 0.390 -0.590 -0.812
0.380 -1.124 0.236 -1.667 0.389 -0.589 -0.812
0.381 -1.125 0.235 -1.667 0.388 -0.588 -0.812
0.382 -1.125 0.234 -1.667 0.387 -0.587 -0.812
0.383 -1.126 0.233 -1.667 0.386 -0.587 -0.812
0.385 -1.126 0.232 -1.667 0.385 -0.586 -0.812
0.386 -1.126 0.231 -1.667 0.384 -0.585 -0.812
0.387 -1.127 0.230 -1.667 0.383 -0.585 -0.812
0.388 -1.127 0.230 -1.667 0.382 -0.584 -0.812
0.390 -1.128 0.229 -1.667 0.381 -0.583 -0.812
0.391 -1.128 0.228 -1.667 0.380 -0.583 -0.812
0.392 -1.128 0.227 -1.667 0.379 -0.582 -0.812
0.393 -1.129 0.226 -1.667 0.378 -0.581 -0.812
0.395 -1.129 0.225 -1.667 0.377 -0.580 -0.812
0.396 -1.130 0.224 -1.667 0.376 -0.580 -0.812
0.397 -1.130 0.223 -1.667 0.375 -0.579 -0.812
0.398 -1.130 0.223 -1.667 0.374 -0.578 -0.812
0.400 -1.131 0.222 -1.667 0.373 -0.578 -0.812
0.401 -1.131 0.221 -1.667 0.372 -0.577 -0.812
0.402 -1.131 0.220 -1.667 0.371 -0.576 -0.812
0.403 -1.132 0.219 -1.667 0.370 -0.576 -0.812
0.405 -1.132 0.218 -1.667 0.369 -0.575 -0.812
0.406 -1.133 0.217 -1.667 0.368 -0.574 -0.812
0.407 -1.133 0.216 -1.667 0.366 -0.574 -0.812
0.408 -1.133 0.216 -1.667 0.365 -0.573 -0.812
0.410 -1.134 0.215 -1.667 0.364 -0.573 -0.812
0.411 -1.134 0.214 -1.667 0.363 -0.572 -0.812
0.412 -1.134 0.213 -1.667 0.362 -0.571 -0.812
0.414 -1.135 0.212 -1.667 0.361 -0.571 -0.812
0.415 -1.135 0.211 -1.667 0.360 -0.570 -0.812
0.416 -1.136 0.210 -1.667 0.359 -0.569 -0.812
0.417 -1.136 0.210 -1.667 0.358 -0.569 -0.812
0.419 -1.136 0.209 -1.667 0.357 -0.568 -0.812
0.420 -1.137 0.208 -1.667 0.356 -0.567 -0.812
0.421 -1.137 0.207 -1.667 0.355 -0.567 -0.812
0.423 -1.137 0.206 -1.667 0.353 -0.566 -0.812
0.424 -1.138 0.205 -1.667 0.352 -0.566 -0.812
0.425 -1.138 0.204 -1.667 0.351 -0.565 -0.812
0.427 -1.138 0.203 -1.667 0.350 -0.564 -0.812
0.428 -1.139 0.203 -1.667 0.349 -0.564 -0.812
0.429 -1.139 0.202 -1.667 0.348 -0.563 -0.812
0.431 -1.139 0.201 -1.667 0.347 -0.563 -0.812
0.432 -1.140 0.200 -1.667 0.346 -0.562 -0.812
0.433 -1.140 0.199 -1.667 0.345 -0.561 -0.812
0.434 -1.140 0.198 -1.667 0.343 -0.561 -0.812
0.436 -1.141 0.197 -1.667 0.342 -0.560 -0.812
0.437 -1.141 0.197 -1.667 0.341 -0.560 -0.812
0.438 -1.141 0.196 -1.667 0.340 -0.559 -0.812
0.440 -1.142 0.195 -1.667 0.339 -0.558 -0.812
0.441 -1.142 0.194 -1.667 0.338 -0.558 -0.812
0.442 -1.142 0.193 -1.667 0.337 -0.557 -0.812
0.444 -1.143 0.192 -1.667 0.335 -0.557 -0.812
0.445 -1.143 0.192 -1.667 0.334 -0.556 -0.812
0.447 -1.143 0.191 -1.667 0.333 -0.555 -0.812
0.448 -1.144 0.190 -1.667 0.332 -0.555 -0.812
0.449 -1.144 0.189 -1.667 0.331 -0.554 -0.812
0.451 -1.144 0.188 -1.667 0.330 -0.554 -0.812
0.452 -1.145 0.187 -1.667 0.328 -0.553 -0.812
0.453 -1.145 0.186 -1.667 0.327 -0.553 -0.812
0.455 -1.145 0.186 -1.667 0.326 -0.552 -0.812
0.456 -1.145 0.185 -1.667 0.325 -0.552 -0.812
0.457 -1.146 0.184 -1.667 0.324 -0.551 -0.812
0.459 -1.146 0.183 -1.667 0.323 -0.550 -0.812
0.460 -1.146 0.182 -1.667 0.321 -0.550 -0.812
0.461 -1.147 0.181 -1.667 0.320 -0.549 -0.812
0.463 -1.147 0.180 -1.667 0.319 -0.549 -0.812
0.464 -1.147 0.180 -1.667 0.318 -0.548 -0.812
0.466 -1.148 0.179 -1.667 0.317 -0.548 -0.812
0.467 -1.148 0.178 -1.667 0.315 -0.547 -0.812
0.468 -1.148 0.177 -1.667 0.314 -0.547 -0.813
0.470 -1.148 0.176 -1.667 0.313 -0.546 -0.813
0.471 -1.149 0.175 -1.667 0.312 -0.546 -0.813
0.473 -1.149 0.175 -1.667 0.311 -0.545 -0.813
0.474 -1.149 0.174 -1.667 0.309 -0.545 -0.813
0.475 -1.150 0.173 -1.667 0.308 -0.544 -0.813
0.477 -1.150 0.172 -1.667 0.307 -0.544 -0.813
0.478 -1.150 0.171 -1.667 0.306 -0.543 -0.813
0.480 -1.150 0.170 -1.667 0.305 -0.543 -0.813
0.481 -1.151 0.170 -1.667 0.303 -0.542 -0.813
0.482 -1.151 0.169 -1.667 0.302 -0.542 -0.813
0.484 -1.151 0.168 -1.667 0.301 -0.541 -0.813
0.485 -1.151 0.167 -1.667 0.300 -0.541 -0.813
0.487 -1.152 0.166 -1.667 0.298 -0.540 -0.813
0.488 -1.152 0.165 -1.667 0.297 -0.540 -0.813
0.489 -1.152 0.165 -1.667 0.296 -0.539 -0.813
0.491 -1.152 0.164 -1.667 0.295 -0.539 -0.813
0.492 -1.153 0.163 -1.667 0.293 -0.538 -0.813
0.494 -1.153 0.162 -1.667 0.292 -0.538 -0.813
0.495 -1.153 0.161 -1.667 0.291 -0.537 -0.813
0.496 -1.153 0.160 -1.667 0.290 -0.537 -0.813
0.498 -1.154 0.160 -1.667 0.288 -0.536 -0.813
0.499 -1.154 0.159 -1.667 0.287 -0.536 -0.813
0.501 -1.154 0.158 -1.667 0.286 -0.535 -0.813
0.502 -1.154 0.157 -1.667 0.285 -0.535 -0.813
0.504 -1.155 0.156 -1.667 0.283 -0.534 -0.813
0.505 -1.155 0.156 -1.667 0.282 -0.534 -0.813
0.507 -1.155 0.155 -1.667 0.281 -0.533 -0.813
0.508 -1.155 0.154 -1.667 0.280 -0.533 -0.813
0.509 -1.156 0.153 -1.667 0.278 -0.532 -0.813
0.511 -1.156 0.152 -1.667 0.277 -0.532 -0.813
0.512 -1.156 0.151 -1.667 0.276 -0.532 -0.813
0.514 -1.156 0.151 -1.667 0.275 -0.531 -0.813
0.515 -1.157 0.150 -1.667 0.273 -0.531 -0.813
0.517 -1.157 0.149 -1.667 0.272 -0.530 -0.813
0.518 -1.157 0.148 -1.667 0.271 -0.530 -0.813
0.520 -1.157 0.147 -1.667 0.269 -0.529 -0.813
0.521 -1.158 0.147 -1.667 0.268 -0.529 -0.813
0.523 -1.158 0.146 -1.667 0.267 -0.528 -0.813
0.524 -1.158 0.145 -1.667 0.266 -0.528 -0.813
0.525 -1.158 0.144 -1.667 0.264 -0.528 -0.813
0.527 -1.158 0.143 -1.667 0.263 -0.527 -0.813
0.528 -1.159 0.142 -1.667 0.262 -0.527 -0.813
0.530 -1.159 0.142 -1.667 0.260 -0.526 -0.813
0.531 -1.159 0.141 -1.667 0.259 -0.526 -0.813
0.533 -1.159 0.140 -1.667 0.258 -0.526 -0.813
0.534 -1.160 0.139 -1.667 0.256 -0.525 -0.813
0.536 -1.160 0.138 -1.667 0.255 -0.525 -0.813
0.537 -1.160 0.138 -1.667 0.254 -0.524 -0.813
0.539 -1.160 0.137 -1.667 0.253 -0.524 -0.813
0.540 -1.160 0.136 -1.667 0.251 -0.523 -0.814
0.542 -1.161 0.135 -1.667 0.250 -0.523 -0.814
0.543 -1.161 0.134 -1.667 0.249 -0.523 -0.814
0.545 -1.161 0.134 -1.667 0.247 -0.522 -0.814
0.546 -1.161 0.133 -1.667 0.246 -0.522 -0.814
0.548 -1.161 0.132 -1.667 0.245 -0.522 -0.814
0.549 -1.162 0.131 -1.667 0.243 -0.521 -0.814
0.551 -1.162 0.130 -1.667 0.242 -0.521 -0.814
0.552 -1.162 0.130 -1.667 0.241 -0.520 -0.814
0.554 -1.162 0.129 -1.667 0.239 -0.520 -0.814
0.555 -1.162 0.128 -1.667 0.238 -0.520 -0.814
0.557 -1.163 0.127 -1.667 0.237 -0.519 -0.814
0.558 -1.163 0.126 -1.667 0.235 -0.519 -0.814
0.560 -1.163 0.126 -1.667 0.234 -0.519 -0.814
0.561 -1.163 0.125 -1.667 0.233 -0.518 -0.814
0.563 -1.163 0.124 -1.667 0.231 -0.518 -0.814
0.564 -1.164 0.123 -1.667 0.230 -0.517 -0.814
0.566 -1.164 0.122 -1.667 0.229 -0.517 -0.814
0.567 -1.164 0.122 -1.667 0.227 -0.517 -0.814
0.569 -1.164 0.121 -1.667 0.226 -0.516 -0.814
0.570 -1.164 0.120 -1.667 0.225 -0.516 -0.814
0.572 -1.164 0.119 -1.667 0.223 -0.516 -0.814
0.573 -1.165 0.118 -1.667 0.222 -0.515 -0.814
0.575 -1.165 0.118 -1.667 0.221 -0.515 -0.814
0.576 -1.165 0.117 -1.667 0.219 -0.515 -0.814
0.578 -1.165 0.116 -1.667 0.218 -0.514 -0.814
0.580 -1.165 0.115 -1.667 0.216 -0.514 -0.814
0.581 -1.165 0.114 -1.667 0.215 -0.514 -0.814
0.583 -1.166 0.114 -1.667 0.214 -0.513 -0.814
0.584 -1.166 0.113 -1.667 0.212 -0.513 -0.815
0.586 -1.166 0.112 -1.667 0.211 -0.513 -0.815
0.587 -1.166 0.111 -1.667 0.210 -0.512 -0.815
0.589 -1.166 0.110 -1.667 0.208 -0.512 -0.815
0.590 -1.166 0.110 -1.667 0.207 -0.512 -0.815
0.592 -1.167 0.109 -1.667 0.206 -0.511 -0.815
0.593 -1.167 0.108 -1.667 0.204 -0.511 -0.815
0.595 -1.167 0.107 -1.667 0.203 -0.511 -0.815
0.597 -1.167 0.107 -1.667 0.201 -0.510 -0.815
0.598 -1.167 0.106 -1.667 0.200 -0.510 -0.815
0.600 -1.167 0.105 -1.667 0.199 -0.510 -0.815
0.601 -1.168 0.104 -1.667 0.197 -0.509 -0.815
0.603 -1.168 0.103 -1.667 0.196 -0.509 -0.815
0.604 -1.168 0.103 -1.667 0.195 -0.509 -0.815
0.606 -1.168 0.102 -1.667 0.193 -0.509 -0.815
0.607 -1.168 0.101 -1.667 0.192 -0.508 -0.815
0.609 -1.168 0.100 -1.667 0.190 -0.508 -0.815
0.611 -1.168 0.099 -1.667 0.189 -0.508 -0.815
0.612 -1.169 0.099 -1.667 0.188 -0.507 -0.815
0.614 -1.169 0.098 -1.667 0.186 -0.507 -0.815
0.615 -1.169 0.097 -1.667 0.185 -0.507 -0.815
0.617 -1.169 0.096 -1.667 0.183 -0.507 -0.815
0.618 -1.169 0.096 -1.667 0.182 -0.506 -0.815
0.620 -1.169 0.095 -1.667 0.181 -0.506 -0.816
0.622 -1.169 0.094 -1.667 0.179 -0.506 -0.816
0.623 -1.170 0.093 -1.667 0.178 -0.505 -0.816
0.625 -1.170 0.092 -1.667 0.177 -0.505 -0.816
0.626 -1.170 0.092 -1.667 0.175 -0.505 -0.816
0.628 -1.170 0.091 -1.667 0.174 -0.505 -0.816
0.629 -1.170 0.090 -1.667 0.172 -0.504 -0.816
0.631 -1.170 0.089 -1.667 0.171 -0.504 -0.816
0.633 -1.170 0.089 -1.667 0.170 -0.504 -0.816
0.634 -1.171 0.088 -1.667 0.168 -0.504 -0.816
0.636 -1.171 0.087 -1.667 0.167 -0.503 -0.816
0.637 -1.171 0.086 -1.667 0.165 -0.503 -0.816
0.639 -1.171 0.085 -1.667 0.164 -0.503 -0.816
0.640 -1.171 0.085 -1.667 0.162 -0.503 -0.816
0.642 -1.171 0.084 -1.667 0.161 -0.502 -0.816
0.644 -1.171 0.083 -1.667 0.160 -0.502 -0.816
0.645 -1.171 0.082 -1.667 0.158 -0.502 -0.816
0.647 -1.171 0.082 -1.667 0.157 -0.502 -0.816
0.648 -1.172 0.081 -1.667 0.155 -0.501 -0.816
0.650 -1.172 0.080 -1.667 0.154 -0.501 -0.817
0.652 -1.172 0.079 -1.667 0.153 -0.501 -0.817
0.653 -1.172 0.079 -1.667 0.151 -0.501 -0.817
0.655 -1.172 0.078 -1.667 0.150 -0.501 -0.817
0.656 -1.172 0.077 -1.667 0.148 -0.500 -0.817
0.658 -1.172 0.076 -1.667 0.147 -0.500 -0.817
0.660 -1.172 0.075 -1.667 0.146 -0.500 -0.817
0.661 -1.172 0.075 -1.667 0.144 -0.500 -0.817
0.663 -1.173 0.074 -1.667 0.143 -0.499 -0.817
0.664 -1.173 0.073 -1.667 0.141 -0.499 -0.817
0.666 -1.173 0.072 -1.667 0.140 -0.499 -0.817
0.668 -1.173 0.072 -1.667 0.138 -0.499 -0.817
0.669 -1.173 0.071 -1.667 0.137 -0.499 -0.817
0.671 -1.173 0.070 -1.667 0.136 -0.498 -0.817
0.672 -1.173 0.069 -1.667 0.134 -0.498 -0.817
0.674 -1.173 0.069 -1.667 0.133 -0.498 -0.817
0.676 -1.173 0.068 -1.667 0.131 -0.498 -0.817
0.677 -1.173 0.067 -1.667 0.130 -0.498 -0.818
0.679 -1.174 0.066 -1.667 0.128 -0.497 -0.818
0.681 -1.174 0.066 -1.667 0.127 -0.497 -0.818
0.682 -1.174 0.065 -1.667 0.126 -0.497 -0.818
0.684 -1.174 0.064 -1.667 0.124 -0.497 -0.818
0.685 -1.174 0.063 -1.667 0.123 -0.497 -0.818
0.687 -1.174 0.062 -1.667 0.121 -0.497 -0.818
0.689 -1.174 0.062 -1.667 0.120 -0.496 -0.818
0.690 -1.174 0.061 -1.667 0.118 -0.496 -0.818
0.692 -1.174 0.060 -1.667 0.117 -0.496 -0.818
0.693 -1.174 0.059 -1.667 0.115 -0.496 -0.818
0.695 -1.174 0.059 -1.667 0.114 -0.496 -0.818
0.697 -1.175 0.058 -1.667 0.113 -0.496 -0.818
0.698 -1.175 0.057 -1.667 0.111 -0.495 -0.818
0.700 -1.175 0.056 -1.667 0.110 -0.495 -0.818
0.702 -1.175 0.056 -1.667 0.108 -0.495 -0.818
0.703 -1.175 0.055 -1.667 0.107 -0.495 -0.819
0.705 -1.175 0.054 -1.667 0.105 -0.495 -0.819
0.707 -1.175 0.053 -1.667 0.104 -0.495 -0.819
0.708 -1.175 0.053 -1.667 0.103 -0.494 -0.819
0.710 -1.175 0.052 -1.667 0.101 -0.494 -0.819
0.711 -1.175 0.051 -1.667 0.100 -0.494 -0.819
0.713 -1.175 0.050 -1.667 0.098 -0.494 -0.819
0.715 -1.175 0.050 -1.667 0.097 -0.494 -0.819
0.716 -1.175 0.049 -1.667 0.095 -0.494 -0.819
0.718 -1.175 0.048 -1.667 0.094 -0.494 -0.819
0.720 -1.176 0.047 -1.667 0.092 -0.493 -0.819
0.721 -1.176 0.047 -1.667 0.091 -0.493 -0.819
0.723 -1.176 0.046 -1.667 0.089 -0.493 -0.819
0.724 -1.176 0.045 -1.667 0.088 -0.493 -0.819
0.726 -1.176 0.044 -1.667 0.087 -0.493 -0.819
0.728 -1.176 0.044 -1.667 0.085 -0.493 -0.820
0.729 -1.176 0.043 -1.667 0.084 -0.493 -0.820
0.731 -1.176 0.042 -1.667 0.082 -0.493 -0.820
0.733 -1.176 0.041 -1.667 0.081 -0.492 -0.820
0.734 -1.176 0.041 -1.667 0.079 -0.492 -0.820
0.736 -1.176 0.040 -1.667 0.078 -0.492 -0.820
0.738 -1.176 0.039 -1.667 0.076 -0.492 -0.820
0.739 -1.176 0.038 -1.667 0.075 -0.492 -0.820
0.741 -1.176 0.038 -1.667 0.074 -0.492 -0.820
0.743 -1.176 0.037 -1.667 0.072 -0.492 -0.820
0.744 -1.176 0.036 -1.667 0.071 -0.492 -0.820
0.746 -1.176 0.035 -1.667 0.069 -0.492 -0.820
0.747 -1.177 0.035 -1.667 0.068 -0.491 -0.820
0.749 -1.177 0.034 -1.667 0.066 -0.491 -0.820
0.751 -1.177 0.033 -1.667 0.065 -0.491 -0.821
0.752 -1.177 0.032 -1.667 0.063 -0.491 -0.821
0.754 -1.177 0.032 -1.667 0.062 -0.491 -0.821
0.756 -1.177 0.031 -1.667 0.060 -0.491 -0.821
0.757 -1.177 0.030 -1.667 0.059 -0.491 -0.821
0.759 -1.177 0.029 -1.667 0.057 -0.491 -0.821
0.761 -1.177 0.029 -1.667 0.056 -0.491 -0.821
0.762 -1.177 0.028 -1.667 0.055 -0.491 -0.821
0.764 -1.177 0.027 -1.667 0.053 -0.491 -0.821
0.766 -1.177 0.026 -1.667 0.052 -0.490 -0.821
0.767 -1.177 0.026 -1.667 0.050 -0.490 -0.821
0.769 -1.177 0.025 -1.667 0.049 -0.490 -0.821
0.771 -1.177 0.024 -1.667 0.047 -0.490 -0.821
0.772 -1.177 0.023 -1.667 0.046 -0.490 -0.822
0.774 -1.177 0.023 -1.667 0.044 -0.490 -0.822
0.775 -1.177 0.022 -1.667 0.043 -0.490 -0.822
0.777 -1.177 0.021 -1.667 0.041 -0.490 -0.822
0.779 -1.177 0.020 -1.667 0.040 -0.490 -0.822
0.780 -1.177 0.020 -1.667 0.038 -0.490 -0.822
0.782 -1.177 0.019 -1.667 0.037 -0.490 -0.822
0.784 -1.177 0.018 -1.667 0.036 -0.490 -0.822
0.785 -1.177 0.017 -1.667 0.034 -0.490 -0.822
0.787 -1.177 0.017 -1.667 0.033 -0.490 -0.822
0.789 -1.177 0.016 -1.667 0.031 -0.490 -0.822
0.790 -1.177 0.015 -1.667 0.030 -0.490 -0.822
0.792 -1.177 0.014 -1.667 0.028 -0.490 -0.822
0.794 -1.177 0.014 -1.667 0.027 -0.489 -0.823
0.795 -1.177 0.013 -1.667 0.025 -0.489 -0.823
0.797 -1.178 0.012 -1.667 0.024 -0.489 -0.823
0.799 -1.178 0.011 -1.667 0.022 -0.489 -0.823
0.800 -1.178 0.011 -1.667 0.021 -0.489 -0.823
0.802 -1.178 0.010 -1.667 0.019 -0.489 -0.823
0.804 -1.178 0.009 -1.667 0.018 -0.489 -0.823
0.805 -1.178 0.008 -1.667 0.017 -0.489 -0.823
0.807 -1.178 0.008 -1.667 0.015 -0.489 -0.823
0.809 -1.178 0.007 -1.667 0.014 -0.489 -0.823
0.810 -1.178 0.006 -1.667 0.012 -0.489 -0.823
0.812 -1.178 0.005 -1.667 0.011 -0.489 -0.823
0.814 -1.178 0.005 -1.667 0.009 -0.489 -0.823
0.815 -1.178 0.004 -1.667 0.008 -0.489 -0.824
0.817 -1.178 0.003 -1.667 0.006 -0.489 -0.824
0.819 -1.178 0.002 -1.667 0.005 -0.489 -0.824
0.820 -1.178 0.002 -1.667 0.003 -0.489 -0.824
0.822 -1.178 0.001 -1.667 0.002 -0.489 -0.824
0.824 -1.178 0.000 -1.667 0.000 -0.489 -0.824
0.825 -1.178 -0.001 -1.667 -0.001 -0.489 -0.824
0.827 -1.178 -0.001 -1.667 -0.003 -0.489 -0.824
0.828 -1.178 -0.002 -1.667 -0.004 -0.489 -0.824
0.830 -1.178 -0.003 -1.667 -0.005 -0.489 -0.824
0.832 -1.178 -0.004 -1.667 -0.007 -0.489 -0.824
0.833 -1.178 -0.004 -1.667 -0.008 -0.489 -0.824
0.835 -1.178 -0.005 -1.667 -0.010 -0.489 -0.824
0.837 -1.178 -0.006 -1.667 -0.011 -0.489 -0.825
0.838 -1.178 -0.007 -1.667 -0.013 -0.489 -0.825
0.840 -1.178 -0.007 -1.667 -0.014 -0.489 -0.825
0.842 -1.178 -0.008 -1.667 -0.016 -0.489 -0.825
0.843 -1.178 -0.009 -1.667 -0.017 -0.489 -0.825
0.845 -1.178 -0.009 -1.667 -0.019 -0.489 -0.825
0.847 -1.178 -0.010 -1.667 -0.020 -0.489 -0.825
0.848 -1.178 -0.011 -1.667 -0.022 -0.489 -0.825
0.850 -1.178 -0.012 -1.667 -0.023 -0.489 -0.825
0.852 -1.178 -0.012 -1.667 -0.025 -0.489 -0.825
0.853 -1.177 -0.013 -1.667 -0.026 -0.489 -0.825
0.855 -1.177 -0.014 -1.667 -0.027 -0.489 -0.825
0.857 -1.177 -0.015 -1.667 -0.029 -0.490 -0.826
0.858 -1.177 -0.015 -1.667 -0.030 -0.490 -0.826
0.860 -1.177 -0.016 -1.667 -0.032 -0.490 -0.826
0.862 -1.177 -0.017 -1.667 -0.033 -0.490 -0.826
0.863 -1.177 -0.018 -1.667 -0.035 -0.490 -0.826
0.865 -1.177 -0.018 -1.667 -0.036 -0.490 -0.826
0.867 -1.177 -0.019 -1.667 -0.038 -0.490 -0.826
0.868 -1.177 -0.020 -1.667 -0.039 -0.490 -0.826
0.870 -1.177 -0.021 -1.667 -0.041 -0.490 -0.826
0.872 -1.177 -0.021 -1.667 -0.042 -0.490 -0.826
0.873 -1.177 -0.022 -1.667 -0.044 -0.490 -0.826
0.875 -1.177 -0.023 -1.667 -0.045 -0.490 -0.826
0.876 -1.177 -0.024 -1.667 -0.046 -0.490 -0.826
0.878 -1.177 -0.024 -1.667 -0.048 -0.490 -0.827
0.880 -1.177 -0.025 -1.667 -0.049 -0.490 -0.827
0.881 -1.177 -0.026 -1.667 -0.051 -0.490 -0.827
0.883 -1.177 -0.027 -1.667 -0.052 -0.490 -0.827
0.885 -1.177 -0.027 -1.667 -0.054 -0.491 -0.827
0.886 -1.177 -0.028 -1.667 -0.055 -0.491 -0.827
0.888 -1.177 -0.029 -1.667 -0.057 -0.491 -0.827
0.890 -1.177 -0.030 -1.667 -0.058 -0.491 -0.827
0.891 -1.177 -0.030 -1.667 -0.060 -0.491 -0.827
0.893 -1.177 -0.031 -1.667 -0.061 -0.491 -0.827
0.895 -1.177 -0.032 -1.667 -0.062 -0.491 -0.827
0.896 -1.177 -0.033 -1.667 -0.064 -0.491 -0.827
0.898 -1.177 -0.033 -1.667 -0.065 -0.491 -0.827
0.900 -1.177 -0.034 -1.667 -0.067 -0.491 -0.828
0.901 -1.177 -0.035 -1.667 -0.068 -0.491 -0.828
0.903 -1.176 -0.036 -1.667 -0.070 -0.492 -0.828
0.905 -1.176 -0.036 -1.667 -0.071 -0.492 -0.828
0.906 -1.176 -0.037 -1.667 -0.073 -0.492 -0.828
0.908 -1.176 -0.038 -1.667 -0.074 -0.492 -0.828
0.909 -1.176 -0.039 -1.667 -0.076 -0.492 -0.828
0.911 -1.176 -0.039 -1.667 -0.077 -0.492 -0.828
0.913 -1.176 -0.040 -1.667 -0.078 -0.492 -0.828
0.914 -1.176 -0.041 -1.667 -0.080 -0.492 -0.828
0.916 -1.176 -0.042 -1.667 -0.081 -0.492 -0.828
0.918 -1.176 -0.042 -1.667 -0.083 -0.493 -0.828
0.919 -1.176 -0.043 -1.667 -0.084 -0.493 -0.828
0.921 -1.176 -0.044 -1.667 -0.086 -0.493 -0.829
0.923 -1.176 -0.045 -1.667 -0.087 -0.493 -0.829
0.924 -1.176 -0.045 -1.667 -0.089 -0.493 -0.829
0.926 -1.176 -0.046 -1.667 -0.090 -0.493 -0.829
0.928 -1.176 -0.047 -1.667 -0.092 -0.493 -0.829
0.929 -1.176 -0.048 -1.667 -0.093 -0.493 -0.829
0.931 -1.175 -0.048 -1.667 -0.094 -0.494 -0.829
0.932 -1.175 -0.049 -1.667 -0.096 -0.494 -0.829
0.934 -1.175 -0.050 -1.667 -0.097 -0.494 -0.829
0.936 -1.175 -0.051 -1.667 -0.099 -0.494 -0.829
0.937 -1.175 -0.051 -1.667 -0.100 -0.494 -0.829
0.939 -1.175 -0.052 -1.667 -0.102 -0.494 -0.829
0.941 -1.175 -0.053 -1.667 -0.103 -0.494 -0.829
0.942 -1.175 -0.054 -1.667 -0.105 -0.495 -0.829
0.944 -1.175 -0.054 -1.667 -0.106 -0.495 -0.830
0.946 -1.175 -0.055 -1.667 -0.107 -0.495 -0.830
0.947 -1.175 -0.056 -1.667 -0.109 -0.495 -0.830
0.949 -1.175 -0.057 -1.667 -0.110 -0.495 -0.830
0.950 -1.175 -0.057 -1.667 -0.112 -0.495 -0.830
0.952 -1.175 -0.058 -1.667 -0.113 -0.496 -0.830
0.954 -1.174 -0.059 -1.667 -0.115 -0.496 -0.830
0.955 -1.174 -0.060 -1.667 -0.116 -0.496 -0.830
0.957 -1.174 -0.061 -1.667 -0.117 -0.496 -0.830
0.959 -1.174 -0.061 -1.667 -0.119 -0.496 -0.830
0.960 -1.174 -0.062 -1.667 -0.120 -0.496 -0.830
0.962 -1.174 -0.063 -1.667 -0.122 -0.497 -0.830
0.963 -1.174 -0.064 -1.667 -0.123 -0.497 -0.830
0.965 -1.174 -0.064 -1.667 -0.125 -0.497 -0.830
0.967 -1.174 -0.065 -1.667 -0.126 -0.497 -0.831
0.968 -1.174 -0.066 -1.667 -0.127 -0.497 -0.831
0.970 -1.174 -0.067 -1.667 -0.129 -0.498 -0.831
0.971 -1.173 -0.067 -1.667 -0.130 -0.498 -0.831
0.973 -1.173 -0.068 -1.667 -0.132 -0.498 -0.831
0.975 -1.173 -0.069 -1.667 -0.133 -0.498 -0.831
0.976 -1.173 -0.070 -1.667 -0.135 -0.498 -0.831
0.978 -1.173 -0.070 -1.667 -0.136 -0.499 -0.831
0.980 -1.173 -0.071 -1.667 -0.137 -0.499 -0.831
0.981 -1.173 -0.072 -1.667 -0.139 -0.499 -0.831
0.983 -1.173 -0.073 -1.667 -0.140 -0.499 -0.831
0.984 -1.173 -0.073 -1.667 -0.142 -0.499 -0.831
0.986 -1.173 -0.074 -1.667 -0.143 -0.500 -0.831
0.988 -1.172 -0.075 -1.667 -0.145 -0.500 -0.831
0.989 -1.172 -0.076 -1.667 -0.146 -0.500 -0.831
0.991 -1.172 -0.076 -1.667 -0.147 -0.500 -0.832
0.992 -1.172 -0.077 -1.667 -0.149 -0.500 -0.832
0.994 -1.172 -0.078 -1.667 -0.150 -0.501 -0.832
0.996 -1.172 -0.079 -1.667 -0.152 -0.501 -0.832
0.997 -1.172 -0.080 -1.667 -0.153 -0.501 -0.832
0.999 -1.172 -0.080 -1.667 -0.154 -0.501 -0.832
1.000 -1.172 -0.081 -1.667 -0.156 -0.502 -0.832
1.002 -1.171 -0.082 -1.667 -0.157 -0.502 -0.832
1.004 -1.171 -0.083 -1.667 -0.159 -0.502 -0.832
1.005 -1.171 -0.083 -1.667 -0.160 -0.502 -0.832
1.007 -1.171 -0.084 -1.667 -0.161 -0.502 -0.832
1.008 -1.171 -0.085 -1.667 -0.163 -0.503 -0.832
1.010 -1.171 -0.086 -1.667 -0.164 -0.503 -0.832
1.012 -1.171 -0.086 -1.667 -0.166 -0.503 -0.832
1.013 -1.171 -0.087 -1.667 -0.167 -0.503 -0.832
1.015 -1.170 -0.088 -1.667 -0.169 -0.504 -0.832
1.016 -1.170 -0.089 -1.667 -0.170 -0.504 -0.833
1.018 -1.170 -0.090 -1.667 -0.171 -0.504 -0.833
1.020 -1.170 -0.090 -1.667 -0.173 -0.504 -0.833
1.021 -1.170 -0.091 -1.667 -0.174 -0.505 -0.833
1.023 -1.170 -0.092 -1.667 -0.175 -0.505 -0.833
1.024 -1.170 -0.093 -1.667 -0.177 -0.505 -0.833
1.026 -1.170 -0.093 -1.667 -0.178 -0.506 -0.833
1.027 -1.169 -0.094 -1.667 -0.180 -0.506 -0.833
1.029 -1.169 -0.095 -1.667 -0.181 -0.506 -0.833
1.031 -1.169 -0.096 -1.667 -0.182 -0.506 -0.833
1.032 -1.169 -0.097 -1.667 -0.184 -0.507 -0.833
1.034 -1.169 -0.097 -1.667 -0.185 -0.507 -0.833
1.035 -1.169 -0.098 -1.667 -0.187 -0.507 -0.833
1.037 -1.169 -0.099 -1.667 -0.188 -0.507 -0.833
1.038 -1.168 -0.100 -1.667 -0.189 -0.508 -0.833
1.040 -1.168 -0.100 -1.667 -0.191 -0.508 -0.833
1.042 -1.168 -0.101 -1.667 -0.192 -0.508 -0.833
1.043 -1.168 -0.102 -1.667 -0.194 -0.509 -0.834
1.045 -1.168 -0.103 -1.667 -0.195 -0.509 -0.834
1.046 -1.168 -0.104 -1.667 -0.196 -0.509 -0.834
1.048 -1.168 -0.104 -1.667 -0.198 -0.510 -0.834
1.049 -1.167 -0.105 -1.667 -0.199 -0.510 -0.834
1.051 -1.167 -0.106 -1.667 -0.200 -0.510 -0.834
1.052 -1.167 -0.107 -1.667 -0.202 -0.510 -0.834
1.054 -1.167 -0.107 -1.667 -0.203 -0.511 -0.834
1.056 -1.167 -0.108 -1.667 -0.205 -0.511 -0.834
1.057 -1.167 -0.109 -1.667 -0.206 -0.511 -0.834
1.059 -1.166 -0.110 -1.667 -0.207 -0.512 -0.834
1.060 -1.166 -0.111 -1.667 -0.209 -0.512 -0.834
1.062 -1.166 -0.111 -1.667 -0.210 -0.512 -0.834
1.063 -1.166 -0.112 -1.667 -0.211 -0.513 -0.834
1.065 -1.166 -0.113 -1.667 -0.213 -0.513 -0.834
1.066 -1.166 -0.114 -1.667 -0.214 -0.513 -0.834
1.068 -1.165 -0.115 -1.667 -0.215 -0.514 -0.834
1.069 -1.165 -0.115 -1.667 -0.217 -0.514 -0.834
1.071 -1.165 -0.116 -1.667 -0.218 -0.514 -0.834
1.073 -1.165 -0.117 -1.667 -0.219 -0.515 -0.834
1.074 -1.165 -0.118 -1.667 -0.221 -0.515 -0.835
1.076 -1.165 -0.118 -1.667 -0.222 -0.515 -0.835
1.077 -1.164 -0.119 -1.667 -0.223 -0.516 -0.835
1.079 -1.164 -0.120 -1.667 -0.225 -0.516 -0.835
1.080 -1.164 -0.121 -1.667 -0.226 -0.516 -0.835
1.082 -1.164 -0.122 -1.667 -0.228 -0.517 -0.835
1.083 -1.164 -0.122 -1.667 -0.229 -0.517 -0.835
1.085 -1.164 -0.123 -1.667 -0.230 -0.517 -0.835
1.086 -1.163 -0.124 -1.667 -0.232 -0.518 -0.835
1.088 -1.163 -0.125 -1.667 -0.233 -0.518 -0.835
1.089 -1.163 -0.126 -1.667 -0.234 -0.519 -0.835
1.091 -1.163 -0.126 -1.667 -0.236 -0.519 -0.835
1.092 -1.163 -0.127 -1.667 -0.237 -0.519 -0.835
1.094 -1.162 -0.128 -1.667 -0.238 -0.520 -0.835
1.095 -1.162 -0.129 -1.667 -0.240 -0.520 -0.835
1.097 -1.162 -0.130 -1.667 -0.241 -0.520 -0.835
1.098 -1.162 -0.130 -1.667 -0.242 -0.521 -0.835
1.100 -1.162 -0.131 -1.667 -0.243 -0.521 -0.835
1.101 -1.161 -0.132 -1.667 -0.245 -0.522 -0.835
1.103 -1.161 -0.133 -1.667 -0.246 -0.522 -0.835
1.104 -1.161 -0.134 -1.667 -0.247 -0.522 -0.835
1.106 -1.161 -0.134 -1.667 -0.249 -0.523 -0.835
1.107 -1.161 -0.135 -1.667 -0.250 -0.523 -0.835
1.109 -1.160 -0.136 -1.667 -0.251 -0.524 -0.836
1.110 -1.160 -0.137 -1.667 -0.253 -0.524 -0.836
1.112 -1.160 -0.138 -1.667 -0.254 -0.524 -0.836
1.113 -1.160 -0.138 -1.667 -0.255 -0.525 -0.836
1.115 -1.160 -0.139 -1.667 -0.257 -0.525 -0.836
1.116 -1.159 -0.140 -1.667 -0.258 -0.526 -0.836
1.118 -1.159 -0.141 -1.667 -0.259 -0.526 -0.836
1.119 -1.159 -0.142 -1.667 -0.260 -0.526 -0.836
1.121 -1.159 -0.142 -1.667 -0.262 -0.527 -0.836
1.122 -1.158 -0.143 -1.667 -0.263 -0.527 -0.836
1.124 -1.158 -0.144 -1.667 -0.264 -0.528 -0.836
1.125 -1.158 -0.145 -1.667 -0.266 -0.528 -0.836
1.127 -1.158 -0.146 -1.667 -0.267 -0.528 -0.836
1.128 -1.158 -0.147 -1.667 -0.268 -0.529 -0.836
1.130 -1.157 -0.147 -1.667 -0.269 -0.529 -0.836
1.131 -1.157 -0.148 -1.667 -0.271 -0.530 -0.836
1.133 -1.157 -0.149 -1.667 -0.272 -0.530 -0.836
1.134 -1.157 -0.150 -1.667 -0.273 -0.531 -0.836
1.136 -1.156 -0.151 -1.667 -0.275 -0.531 -0.836
1.137 -1.156 -0.151 -1.667 -0.276 -0.532 -0.836
1.138 -1.156 -0.152 -1.667 -0.277 -0.532 -0.836
1.140 -1.156 -0.153 -1.667 -0.278 -0.532 -0.836
1.141 -1.155 -0.154 -1.667 -0.280 -0.533 -0.836
1.143 -1.155 -0.155 -1.667 -0.281 -0.533 -0.836
1.144 -1.155 -0.156 -1.667 -0.282 -0.534 -0.836
1.146 -1.155 -0.156 -1.667 -0.283 -0.534 -0.836
1.147 -1.155 -0.157 -1.667 -0.285 -0.535 -0.836
1.149 -1.154 -0.158 -1.667 -0.286 -0.535 -0.837
1.150 -1.154 -0.159 -1.667 -0.287 -0.536 -0.837
1.151 -1.154 -0.160 -1.667 -0.288 -0.536 -0.837
1.153 -1.154 -0.160 -1.667 -0.290 -0.537 -0.837
1.154 -1.153 -0.161 -1.667 -0.291 -0.537 -0.837
1.156 -1.153 -0.162 -1.667 -0.292 -0.538 -0.837
1.157 -1.153 -0.163 -1.667 -0.293 -0.538 -0.837
1.159 -1.152 -0.164 -1.667 -0.295 -0.539 -0.837
1.160 -1.152 -0.165 -1.667 -0.296 -0.539 -0.837
1.161 -1.152 -0.165 -1.667 -0.297 -0.539 -0.837
1.163 -1.152 -0.166 -1.667 -0.298 -0.540 -0.837
1.164 -1.151 -0.167 -1.667 -0.300 -0.540 -0.837
1.166 -1.151 -0.168 -1.667 -0.301 -0.541 -0.837
1.167 -1.151 -0.169 -1.667 -0.302 -0.541 -0.837
1.169 -1.151 -0.170 -1.667 -0.303 -0.542 -0.837
1.170 -1.150 -0.170 -1.667 -0.304 -0.542 -0.837
1.171 -1.150 -0.171 -1.667 -0.306 -0.543 -0.837
1.173 -1.150 -0.172 -1.667 -0.307 -0.543 -0.837
1.174 -1.150 -0.173 -1.667 -0.308 -0.544 -0.837
1.176 -1.149 -0.174 -1.667 -0.309 -0.545 -0.837
1.177 -1.149 -0.175 -1.667 -0.311 -0.545 -0.837
1.178 -1.149 -0.175 -1.667 -0.312 -0.546 -0.837
1.180 -1.148 -0.176 -1.667 -0.313 -0.546 -0.837
1.181 -1.148 -0.177 -1.667 -0.314 -0.547 -0.837
1.183 -1.148 -0.178 -1.667 -0.315 -0.547 -0.837
1.184 -1.148 -0.179 -1.667 -0.317 -0.548 -0.837
1.185 -1.147 -0.180 -1.667 -0.318 -0.548 -0.837
1.187 -1.147 -0.180 -1.667 -0.319 -0.549 -0.837
1.188 -1.147 -0.181 -1.667 -0.320 -0.549 -0.837
1.189 -1.146 -0.182 -1.667 -0.321 -0.550 -0.837
1.191 -1.146 -0.183 -1.667 -0.322 -0.550 -0.837
1.192 -1.146 -0.184 -1.667 -0.324 -0.551 -0.837
1.194 -1.145 -0.185 -1.667 -0.325 -0.551 -0.837
1.195 -1.145 -0.185 -1.667 -0.326 -0.552 -0.837
1.196 -1.145 -0.186 -1.667 -0.327 -0.553 -0.837
1.198 -1.145 -0.187 -1.667 -0.328 -0.553 -0.837
1.199 -1.144 -0.188 -1.667 -0.329 -0.554 -0.837
1.200 -1.144 -0.189 -1.667 -0.331 -0.554 -0.838
1.202 -1.144 -0.190 -1.667 -0.332 -0.555 -0.838
1.203 -1.143 -0.191 -1.667 -0.333 -0.555 -0.838
1.204 -1.143 -0.191 -1.667 -0.334 -0.556 -0.838
1.206 -1.143 -0.192 -1.667 -0.335 -0.557 -0.838
1.207 -1.142 -0.193 -1.667 -0.336 -0.557 -0.838
1.209 -1.142 -0.194 -1.667 -0.338 -0.558 -0.838
1.210 -1.142 -0.195 -1.667 -0.339 -0.558 -0.838
1.211 -1.141 -0.196 -1.667 -0.340 -0.559 -0.838
1.213 -1.141 -0.196 -1.667 -0.341 -0.559 -0.838
1.214 -1.141 -0.197 -1.667 -0.342 -0.560 -0.838
1.215 -1.140 -0.198 -1.667 -0.343 -0.561 -0.838
1.217 -1.140 -0.199 -1.667 -0.344 -0.561 -0.838
1.218 -1.140 -0.200 -1.667 -0.345 -0.562 -0.838
1.219 -1.139 -0.201 -1.667 -0.347 -0.562 -0.838
1.221 -1.139 -0.202 -1.667 -0.348 -0.563 -0.838
1.222 -1.139 -0.202 -1.667 -0.349 -0.564 -0.838
1.223 -1.138 -0.203 -1.667 -0.350 -0.564 -0.838
1.224 -1.138 -0.204 -1.667 -0.351 -0.565 -0.838
1.226 -1.138 -0.205 -1.667 -0.352 -0.565 -0.838
1.227 -1.137 -0.206 -1.667 -0.353 -0.566 -0.838
1.228 -1.137 -0.207 -1.667 -0.354 -0.567 -0.838
1.230 -1.137 -0.208 -1.667 -0.355 -0.567 -0.838
1.231 -1.136 -0.208 -1.667 -0.356 -0.568 -0.838
1.232 -1.136 -0.209 -1.667 -0.358 -0.569 -0.838
1.234 -1.136 -0.210 -1.667 -0.359 -0.569 -0.838
1.235 -1.135 -0.211 -1.667 -0.360 -0.570 -0.838
1.236 -1.135 -0.212 -1.667 -0.361 -0.570 -0.838
1.238 -1.135 -0.213 -1.667 -0.362 -0.571 -0.838
1.239 -1.134 -0.214 -1.667 -0.363 -0.572 -0.838
1.240 -1.134 -0.214 -1.667 -0.364 -0.572 -0.838
1.241 -1.133 -0.215 -1.667 -0.365 -0.573 -0.838
1.243 -1.133 -0.216 -1.667 -0.366 -0.574 -0.838
1.244 -1.133 -0.217 -1.667 -0.367 -0.574 -0.838
1.245 -1.132 -0.218 -1.667 -0.368 -0.575 -0.838
1.246 -1.132 -0.219 -1.667 -0.369 -0.576 -0.838
1.248 -1.132 -0.220 -1.667 -0.370 -0.576 -0.838
1.249 -1.131 -0.221 -1.667 -0.371 -0.577 -0.838
1.250 -1.131 -0.221 -1.667 -0.372 -0.578 -0.838
1.252 -1.130 -0.222 -1.667 -0.373 -0.578 -0.838
1.253 -1.130 -0.223 -1.667 -0.375 -0.579 -0.838
1.254 -1.130 -0.224 -1.667 -0.376 -0.580 -0.838
1.255 -1.129 -0.225 -1.667 -0.377 -0.580 -0.838
1.257 -1.129 -0.226 -1.667 -0.378 -0.581 -0.839
1.258 -1.129 -0.227 -1.667 -0.379 -0.582 -0.839
1.259 -1.128 -0.227 -1.667 -0.380 -0.582 -0.839
1.260 -1.128 -0.228 -1.667 -0.381 -0.583 -0.839
1.262 -1.127 -0.229 -1.667 -0.382 -0.584 -0.839
1.263 -1.127 -0.230 -1.667 -0.383 -0.584 -0.839
1.264 -1.127 -0.231 -1.667 -0.384 -0.585 -0.839
1.265 -1.126 -0.232 -1.667 -0.385 -0.586 -0.839
1.267 -1.126 -0.233 -1.667 -0.386 -0.586 -0.839
1.268 -1.125 -0.234 -1.667 -0.387 -0.587 -0.839
1.269 -1.125 -0.234 -1.667 -0.388 -0.588 -0.839
1.270 -1.124 -0.235 -1.667 -0.389 -0.589 -0.839
1.271 -1.124 -0.236 -1.667 -0.390 -0.589 -0.839
1.273 -1.124 -0.237 -1.667 -0.391 -0.590 -0.839
1.274 -1.123 -0.238 -1.667 -0.392 -0.591 -0.839
1.275 -1.123 -0.239 -1.667 -0.393 -0.591 -0.839
1.276 -1.122 -0.240 -1.667 -0.393 -0.592 -0.839
1.278 -1.122 -0.241 -1.667 -0.394 -0.593 -0.839
1.279 -1.122 -0.242 -1.667 -0.395 -0.594 -0.839
1.280 -1.121 -0.242 -1.667 -0.396 -0.594 -0.839
1.281 -1.121 -0.243 -1.667 -0.397 -0.595 -0.839
1.282 -1.120 -0.244 -1.667 -0.398 -0.596 -0.839
1.284 -1.120 -0.245 -1.667 -0.399 -0.596 -0.839
1.285 -1.119 -0.246 -1.667 -0.400 -0.597 -0.839
1.286 -1.119 -0.247 -1.667 -0.401 -0.598 -0.839
1.287 -1.118 -0.248 -1.667 -0.402 -0.599 -0.839
1.288 -1.118 -0.249 -1.667 -0.403 -0.599 -0.839
1.289 -1.118 -0.249 -1.667 -0.404 -0.600 -0.839
1.291 -1.117 -0.250 -1.667 -0.405 -0.601 -0.839
1.292 -1.117 -0.251 -1.667 -0.406 -0.602 -0.839
1.293 -1.116 -0.252 -1.667 -0.407 -0.602 -0.839
1.294 -1.116 -0.253 -1.667 -0.408 -0.603 -0.839
1.295 -1.115 -0.254 -1.667 -0.408 -0.604 -0.839
1.296 -1.115 -0.255 -1.667 -0.409 -0.605 -0.840
1.298 -1.114 -0.256 -1.667 -0.410 -0.606 -0.840
1.299 -1.114 -0.257 -1.667 -0.411 -0.606 -0.840
1.300 -1.113 -0.257 -1.667 -0.412 -0.607 -0.840
1.301 -1.113 -0.258 -1.667 -0.413 -0.608 -0.840
1.302 -1.112 -0.259 -1.667 -0.414 -0.609 -0.840
1.303 -1.112 -0.260 -1.667 -0.415 -0.609 -0.840
1.305 -1.112 -0.261 -1.667 -0.416 -0.610 -0.840
1.306 -1.111 -0.262 -1.667 -0.416 -0.611 -0.840
1.307 -1.111 -0.263 -1.667 -0.417 -0.612 -0.840
1.308 -1.110 -0.264 -1.667 -0.418 -0.613 -0.840
1.309 -1.110 -0.265 -1.667 -0.419 -0.613 -0.840
1.310 -1.109 -0.265 -1.667 -0.420 -0.614 -0.840
1.311 -1.109 -0.266 -1.667 -0.421 -0.615 -0.840
1.313 -1.108 -0.267 -1.667 -0.422 -0.616 -0.840
1.314 -1.108 -0.268 -1.667 -0.422 -0.617 -0.840
1.315 -1.107 -0.269 -1.667 -0.423 -0.617 -0.840
1.316 -1.107 -0.270 -1.667 -0.424 -0.618 -0.840
1.317 -1.106 -0.271 -1.667 -0.425 -0.619 -0.840
1.318 -1.106 -0.272 -1.667 -0.426 -0.620 -0.840
1.319 -1.105 -0.273 -1.667 -0.426 -0.621 -0.840
1.320 -1.105 -0.273 -1.667 -0.427 -0.621 -0.840
1.322 -1.104 -0.274 -1.667 -0.428 -0.622 -0.840
1.323 -1.104 -0.275 -1.667 -0.429 -0.623 -0.840
1.324 -1.103 -0.276 -1.667 -0.430 -0.624 -0.841
1.325 -1.103 -0.277 -1.667 -0.431 -0.625 -0.841
1.326 -1.102 -0.278 -1.667 -0.431 -0.626 -0.841
1.327 -1.102 -0.279 -1.667 -0.432 -0.626 -0.841
1.328 -1.101 -0.280 -1.667 -0.433 -0.627 -0.841
1.329 -1.100 -0.281 -1.667 -0.434 -0.628 -0.841
1.330 -1.100 -0.282 -1.667 -0.434 -0.629 -0.841
1.331 -1.099 -0.282 -1.667 -0.435 -0.630 -0.841
1.332 -1.099 -0.283 -1.667 -0.436 -0.631 -0.841
1.334 -1.098 -0.284 -1.667 -0.437 -0.631 -0.841
1.335 -1.098 -0.285 -1.667 -0.438 -0.632 -0.841
1.336 -1.097 -0.286 -1.667 -0.438 -0.633 -0.841
1.337 -1.097 -0.287 -1.667 -0.439 -0.634 -0.841
1.338 -1.096 -0.288 -1.667 -0.440 -0.635 -0.841
1.339 -1.096 -0.289 -1.667 -0.440 -0.636 -0.841
1.340 -1.095 -0.290 -1.667 -0.441 -0.637 -0.841
1.341 -1.095 -0.290 -1.667 -0.442 -0.637 -0.841
1.342 -1.094 -0.291 -1.667 -0.443 -0.638 -0.842
1.343 -1.093 -0.292 -1.667 -0.443 -0.639 -0.842
1.344 -1.093 -0.293 -1.667 -0.444 -0.640 -0.842
1.345 -1.092 -0.294 -1.667 -0.445 -0.641 -0.842
1.346 -1.092 -0.295 -1.667 -0.446 -0.642 -0.842
1.347 -1.091 -0.296 -1.667 -0.446 -0.643 -0.842
1.348 -1.091 -0.297 -1.667 -0.447 -0.644 -0.842
1.349 -1.090 -0.298 -1.667 -0.448 -0.644 -0.842
1.350 -1.089 -0.299 -1.667 -0.448 -0.645 -0.842
1.352 -1.089 -0.299 -1.667 -0.449 -0.646 -0.842
1.353 -1.088 -0.300 -1.667 -0.450 -0.647 -0.842
1.354 -1.088 -0.301 -1.667 -0.450 -0.648 -0.842
1.355 -1.087 -0.302 -1.667 -0.451 -0.649 -0.842
1.356 -1.087 -0.303 -1.667 -0.452 -0.650 -0.842
1.357 -1.086 -0.304 -1.667 -0.452 -0.651 -0.843
1.358 -1.085 -0.305 -1.667 -0.453 -0.652 -0.843
1.359 -1.085 -0.306 -1.667 -0.454 -0.653 -0.843
1.360 -1.084 -0.307 -1.667 -0.454 -0.653 -0.843
1.361 -1.084 -0.308 -1.667 -0.455 -0.654 -0.843
1.362 -1.083 -0.308 -1.667 -0.456 -0.655 -0.843
1.363 -1.082 -0.309 -1.667 -0.456 -0.656 -0.843
1.364 -1.082 -0.310 -1.667 -0.457 -0.657 -0.843
1.365 -1.081 -0.311 -1.667 -0.458 -0.658 -0.843
1.366 -1.081 -0.312 -1.667 -0.458 -0.659 -0.843
1.367 -1.080 -0.313 -1.667 -0.459 -0.660 -0.843
1.368 -1.079 -0.314 -1.667 -0.459 -0.661 -0.843
1.369 -1.079 -0.315 -1.667 -0.460 -0.662 -0.844
1.370 -1.078 -0.316 -1.667 -0.461 -0.663 -0.844
1.371 -1.078 -0.316 -1.667 -0.461 -0.664 -0.844
1.372 -1.077 -0.317 -1.667 -0.462 -0.664 -0.844
1.373 -1.076 -0.318 -1.667 -0.462 -0.665 -0.844
1.374 -1.076 -0.319 -1.667 -0.463 -0.666 -0.844
1.375 -1.075 -0.320 -1.667 -0.464 -0.667 -0.844
1.376 -1.074 -0.321 -1.667 -0.464 -0.668 -0.844
1.377 -1.074 -0.322 -1.667 -0.465 -0.669 -0.844
1.378 -1.073 -0.323 -1.667 -0.465 -0.670 -0.844
1.379 -1.072 -0.324 -1.667 -0.466 -0.671 -0.845
1.380 -1.072 -0.324 -1.667 -0.466 -0.672 -0.845
1.381 -1.071 -0.325 -1.667 -0.467 -0.673 -0.845
1.381 -1.071 -0.326 -1.667 -0.467 -0.674 -0.845
1.382 -1.070 -0.327 -1.667 -0.468 -0.675 -0.845
1.383 -1.069 -0.328 -1.667 -0.469 -0.676 -0.845
1.384 -1.069 -0.329 -1.667 -0.469 -0.677 -0.845
1.385 -1.068 -0.330 -1.667 -0.470 -0.678 -0.845
1.386 -1.067 -0.331 -1.667 -0.470 -0.679 -0.845
1.387 -1.067 -0.332 -1.667 -0.471 -0.680 -0.846
1.388 -1.066 -0.332 -1.667 -0.471 -0.681 -0.846
1.389 -1.065 -0.333 -1.667 -0.472 -0.682 -0.846
1.390 -1.065 -0.334 -1.667 -0.472 -0.683 -0.846
1.391 -1.064 -0.335 -1.667 -0.473 -0.684 -0.846
1.392 -1.063 -0.336 -1.667 -0.473 -0.685 -0.846
1.393 -1.063 -0.337 -1.667 -0.474 -0.686 -0.846
1.394 -1.062 -0.338 -1.667 -0.474 -0.687 -0.846
1.395 -1.061 -0.339 -1.667 -0.475 -0.687 -0.847
1.396 -1.061 -0.340 -1.667 -0.475 -0.688 -0.847
1.397 -1.060 -0.340 -1.667 -0.476 -0.689 -0.847
1.398 -1.059 -0.341 -1.667 -0.476 -0.690 -0.847
1.398 -1.059 -0.342 -1.667 -0.477 -0.691 -0.847
1.399 -1.058 -0.343 -1.667 -0.477 -0.692 -0.847
1.400 -1.057 -0.344 -1.667 -0.477 -0.693 -0.847
1.401 -1.056 -0.345 -1.667 -0.478 -0.694 -0.847
1.402 -1.056 -0.346 -1.667 -0.478 -0.695 -0.848
1.403 -1.055 -0.347 -1.667 -0.479 -0.696 -0.848
1.404 -1.054 -0.347 -1.667 -0.479 -0.697 -0.848
1.405 -1.054 -0.348 -1.667 -0.480 -0.698 -0.848
1.406 -1.053 -0.349 -1.667 -0.480 -0.699 -0.848
1.407 -1.052 -0.350 -1.667 -0.480 -0.700 -0.848
1.408 -1.052 -0.351 -1.667 -0.481 -0.701 -0.848
1.408 -1.051 -0.352 -1.667 -0.481 -0.702 -0.849
1.409 -1.050 -0.353 -1.667 -0.482 -0.703 -0.849
1.410 -1.049 -0.354 -1.667 -0.482 -0.704 -0.849
1.411 -1.049 -0.354 -1.667 -0.483 -0.705 -0.849
1.412 -1.048 -0.355 -1.667 -0.483 -0.706 -0.849
1.413 -1.047 -0.356 -1.667 -0.483 -0.707 -0.849
1.414 -1.046 -0.357 -1.667 -0.484 -0.709 -0.850
1.415 -1.046 -0.358 -1.667 -0.484 -0.710 -0.850
1.416 -1.045 -0.359 -1.667 -0.484 -0.711 -0.850
1.416 -1.044 -0.360 -1.667 -0.485 -0.712 -0.850
1.417 -1.044 -0.361 -1.667 -0.485 -0.713 -0.850
1.418 -1.043 -0.361 -1.667 -0.485 -0.714 -0.850
1.419 -1.042 -0.362 -1.667 -0.486 -0.715 -0.851
1.420 -1.041 -0.363 -1.667 -0.486 -0.716 -0.851
1.421 -1.041 -0.364 -1.667 -0.487 -0.717 -0.851
1.422 -1.040 -0.365 -1.667 -0.487 -0.718 -0.851
1.422 -1.039 -0.366 -1.667 -0.487 -0.719 -0.851
1.423 -1.038 -0.367 -1.667 -0.488 -0.720 -0.851
1.424 -1.038 -0.367 -1.667 -0.488 -0.721 -0.852
1.425 -1.037 -0.368 -1.667 -0.488 -0.722 -0.852
1.426 -1.036 -0.369 -1.667 -0.488 -0.723 -0.852
1.427 -1.035 -0.370 -1.667 -0.489 -0.724 -0.852
1.428 -1.034 -0.371 -1.667 -0.489 -0.725 -0.852
1.428 -1.034 -0.372 -1.667 -0.489 -0.726 -0.853
1.429 -1.033 -0.373 -1.667 -0.490 -0.727 -0.853
1.430 -1.032 -0.373 -1.667 -0.490 -0.728 -0.853
1.431 -1.031 -0.374 -1.667 -0.490 -0.729 -0.853
1.432 -1.031 -0.375 -1.667 -0.491 -0.730 -0.853
1.433 -1.030 -0.376 -1.667 -0.491 -0.731 -0.853
1.434 -1.029 -0.377 -1.667 -0.491 -0.732 -0.854
1.434 -1.028 -0.378 -1.667 -0.491 -0.733 -0.854
1.435 -1.028 -0.379 -1.667 -0.492 -0.734 -0.854
1.436 -1.027 -0.379 -1.667 -0.492 -0.736 -0.854
1.437 -1.026 -0.380 -1.667 -0.492 -0.737 -0.855
1.438 -1.025 -0.381 -1.667 -0.492 -0.738 -0.855
1.438 -1.024 -0.382 -1.667 -0.493 -0.739 -0.855
1.439 -1.024 -0.383 -1.667 -0.493 -0.740 -0.855
1.440 -1.023 -0.384 -1.667 -0.493 -0.741 -0.855
1.441 -1.022 -0.384 -1.667 -0.493 -0.742 -0.856
1.442 -1.021 -0.385 -1.667 -0.494 -0.743 -0.856
1.443 -1.020 -0.386 -1.667 -0.494 -0.744 -0.856
1.443 -1.020 -0.387 -1.667 -0.494 -0.745 -0.856
1.444 -1.019 -0.388 -1.667 -0.494 -0.746 -0.856
1.445 -1.018 -0.389 -1.667 -0.494 -0.747 -0.857
1.446 -1.017 -0.389 -1.667 -0.495 -0.748 -0.857
1.447 -1.016 -0.390 -1.667 -0.495 -0.749 -0.857
1.447 -1.015 -0.391 -1.667 -0.495 -0.750 -0.857
1.448 -1.015 -0.392 -1.667 -0.495 -0.751 -0.858
1.449 -1.014 -0.393 -1.667 -0.495 -0.753 -0.858
1.450 -1.013 -0.394 -1.667 -0.496 -0.754 -0.858
1.451 -1.012 -0.394 -1.667 -0.496 -0.755 -0.858
1.451 -1.011 -0.395 -1.667 -0.496 -0.756 -0.858
1.452 -1.010 -0.396 -1.667 -0.496 -0.757 -0.859
1.453 -1.010 -0.397 -1.667 -0.496 -0.758 -0.859
1.454 -1.009 -0.398 -1.667 -0.496 -0.759 -0.859
1.455 -1.008 -0.399 -1.667 -0.496 -0.760 -0.859
1.455 -1.007 -0.399 -1.667 -0.497 -0.761 -0.860
1.456 -1.006 -0.400 -1.667 -0.497 -0.762 -0.860
1.457 -1.005 -0.401 -1.667 -0.497 -0.763 -0.860
1.458 -1.005 -0.402 -1.667 -0.497 -0.764 -0.860
1.458 -1.004 -0.403 -1.667 -0.497 -0.766 -0.861
1.459 -1.003 -0.403 -1.667 -0.497 -0.767 -0.861
1.460 -1.002 -0.404 -1.667 -0.497 -0.768 -0.861
1.461 -1.001 -0.405 -1.667 -0.498 -0.769 -0.861
1.462 -1.000 -0.406 -1.667 -0.498 -0.770 -0.862
1.462 -0.999 -0.407 -1.667 -0.498 -0.771 -0.862
1.463 -0.999 -0.407 -1.667 -0.498 -0.772 -0.862
1.464 -0.998 -0.408 -1.667 -0.498 -0.773 -0.862
1.465 -0.997 -0.409 -1.667 -0.498 -0.774 -0.863
1.465 -0.996 -0.410 -1.667 -0.498 -0.775 -0.863
1.466 -0.995 -0.411 -1.667 -0.498 -0.776 -0.863
1.467 -0.994 -0.411 -1.667 -0.498 -0.778 -0.864
1.468 -0.993 -0.412 -1.667 -0.498 -0.779 -0.864
1.468 -0.993 -0.413 -1.667 -0.498 -0.780 -0.864
1.469 -0.992 -0.414 -1.667 -0.498 -0.781 -0.864
1.470 -0.991 -0.415 -1.667 -0.498 -0.782 -0.865
1.471 -0.990 -0.415 -1.667 -0.498 -0.783 -0.865
1.471 -0.989 -0.416 -1.667 -0.499 -0.784 -0.865
1.472 -0.988 -0.417 -1.667 -0.499 -0.785 -0.866
1.473 -0.987 -0.418 -1.667 -0.499 -0.786 -0.866
1.474 -0.986 -0.418 -1.667 -0.499 -0.787 -0.866
1.474 -0.985 -0.419 -1.667 -0.499 -0.789 -0.866
1.475 -0.985 -0.420 -1.667 -0.499 -0.790 -0.867
1.476 -0.984 -0.421 -1.667 -0.499 -0.791 -0.867
1.477 -0.983 -0.422 -1.667 -0.499 -0.792 -0.867
1.477 -0.982 -0.422 -1.667 -0.499 -0.793 -0.868
1.478 -0.981 -0.423 -1.667 -0.499 -0.794 -0.868
1.479 -0.980 -0.424 -1.667 -0.499 -0.795 -0.868
1.479 -0.979 -0.425 -1.667 -0.499 -0.796 -0.868
1.480 -0.978 -0.425 -1.667 -0.499 -0.797 -0.869
1.481 -0.977 -0.426 -1.667 -0.499 -0.798 -0.869
1.482 -0.976 -0.427 -1.667 -0.499 -0.800 -0.869
1.482 -0.976 -0.428 -1.667 -0.499 -0.801 -0.870
1.483 -0.975 -0.428 -1.667 -0.499 -0.802 -0.870
1.484 -0.974 -0.429 -1.667 -0.499 -0.803 -0.870
1.485 -0.973 -0.430 -1.667 -0.499 -0.804 -0.871
1.485 -0.972 -0.431 -1.667 -0.499 -0.805 -0.871
1.486 -0.971 -0.431 -1.667 -0.499 -0.806 -0.871
1.487 -0.970 -0.432 -1.667 -0.499 -0.807 -0.872
1.487 -0.969 -0.433 -1.667 -0.498 -0.808 -0.872
1.488 -0.968 -0.434 -1.667 -0.498 -0.810 -0.872
1.489 -0.967 -0.434 -1.667 -0.498 -0.811 -0.873
1.489 -0.966 -0.435 -1.667 -0.498 -0.812 -0.873
1.490 -0.965 -0.436 -1.667 -0.498 -0.813 -0.873
1.491 -0.964 -0.437 -1.667 -0.498 -0.814 -0.874
1.492 -0.963 -0.437 -1.667 -0.498 -0.815 -0.874
1.492 -0.963 -0.438 -1.667 -0.498 -0.816 -0.874
1.493 -0.962 -0.439 -1.667 -0.498 -0.817 -0.875
1.494 -0.961 -0.439 -1.667 -0.498 -0.818 -0.875
1.494 -0.960 -0.440 -1.667 -0.498 -0.820 -0.875
1.495 -0.959 -0.441 -1.667 -0.498 -0.821 -0.876
1.496 -0.958 -0.442 -1.667 -0.498 -0.822 -0.876
1.496 -0.957 -0.442 -1.667 -0.498 -0.823 -0.876
1.497 -0.956 -0.443 -1.667 -0.497 -0.824 -0.877
1.498 -0.955 -0.444 -1.667 -0.497 -0.825 -0.877
1.498 -0.954 -0.444 -1.667 -0.497 -0.826 -0.877
1.499 -0.953 -0.445 -1.667 -0.497 -0.827 -0.878
1.500 -0.952 -0.446 -1.667 -0.497 -0.828 -0.878
1.501 -0.951 -0.447 -1.667 -0.497 -0.830 -0.878
1.501 -0.950 -0.447 -1.667 -0.497 -0.831 -0.879
1.502 -0.949 -0.448 -1.667 -0.497 -0.832 -0.879
1.503 -0.948 -0.449 -1.667 -0.496 -0.833 -0.879
1.503 -0.947 -0.449 -1.667 -0.496 -0.834 -0.880
1.504 -0.946 -0.450 -1.667 -0.496 -0.835 -0.880
1.505 -0.945 -0.451 -1.667 -0.496 -0.836 -0.881
1.505 -0.944 -0.451 -1.667 -0.496 -0.837 -0.881
1.506 -0.943 -0.452 -1.667 -0.496 -0.838 -0.881
1.507 -0.942 -0.453 -1.667 -0.495 -0.840 -0.882
1.507 -0.941 -0.453 -1.667 -0.495 -0.841 -0.882
1.508 -0.940 -0.454 -1.667 -0.495 -0.842 -0.882
1.509 -0.940 -0.455 -1.667 -0.495 -0.843 -0.883
1.509 -0.939 -0.455 -1.667 -0.495 -0.844 -0.883
1.510 -0.938 -0.456 -1.667 -0.495 -0.845 -0.884
1.511 -0.937 -0.457 -1.667 -0.494 -0.846 -0.884
1.511 -0.936 -0.457 -1.667 -0.494 -0.847 -0.884
1.512 -0.935 -0.458 -1.667 -0.494 -0.848 -0.885
1.512 -0.934 -0.459 -1.667 -0.494 -0.850 -0.885
1.513 -0.933 -0.459 -1.667 -0.494 -0.851 -0.886
1.514 -0.932 -0.460 -1.667 -0.493 -0.852 -0.886
1.514 -0.931 -0.461 -1.667 -0.493 -0.853 -0.886
1.515 -0.930 -0.461 -1.667 -0.493 -0.854 -0.887
1.516 -0.929 -0.462 -1.667 -0.493 -0.855 -0.887
1.516 -0.928 -0.463 -1.667 -0.493 -0.856 -0.887
1.517 -0.927 -0.463 -1.667 -0.492 -0.857 -0.888
1.518 -0.926 -0.464 -1.667 -0.492 -0.858 -0.888
1.518 -0.925 -0.465 -1.667 -0.492 -0.860 -0.889
1.519 -0.924 -0.465 -1.667 -0.492 -0.861 -0.889
1.519 -0.923 -0.466 -1.667 -0.491 -0.862 -0.890
1.520 -0.922 -0.467 -1.667 -0.491 -0.863 -0.890
1.521 -0.921 -0.467 -1.667 -0.491 -0.864 -0.890
1.521 -0.920 -0.468 -1.667 -0.491 -0.865 -0.891
1.522 -0.919 -0.468 -1.667 -0.490 -0.866 -0.891
1.523 -0.918 -0.469 -1.667 -0.490 -0.867 -0.892
1.523 -0.917 -0.470 -1.667 -0.490 -0.868 -0.892
1.524 -0.916 -0.470 -1.667 -0.490 -0.870 -0.892
1.524 -0.915 -0.471 -1.667 -0.489 -0.871 -0.893
1.525 -0.913 -0.471 -1.667 -0.489 -0.872 -0.893
1.526 -0.912 -0.472 -1.667 -0.489 -0.873 -0.894
1.526 -0.911 -0.473 -1.667 -0.488 -0.874 -0.894
1.527 -0.910 -0.473 -1.667 -0.488 -0.875 -0.895
1.528 -0.909 -0.474 -1.667 -0.488 -0.876 -0.895
1.528 -0.908 -0.474 -1.667 -0.488 -0.877 -0.895
1.529 -0.907 -0.475 -1.667 -0.487 -0.878 -0.896
1.529 -0.906 -0.476 -1.667 -0.487 -0.880 -0.896
1.530 -0.905 -0.476 -1.667 -0.487 -0.881 -0.897
1.531 -0.904 -0.477 -1.667 -0.486 -0.882 -0.897
1.531 -0.903 -0.477 -1.667 -0.486 -0.883 -0.898
1.532 -0.902 -0.478 -1.667 -0.486 -0.884 -0.898
1.532 -0.901 -0.479 -1.667 -0.485 -0.885 -0.898
1.533 -0.900 -0.479 -1.667 -0.485 -0.886 -0.899
1.534 -0.899 -0.480 -1.667 -0.485 -0.887 -0.899
1.534 -0.898 -0.480 -1.667 -0.484 -0.888 -0.900
1.535 -0.897 -0.481 -1.667 -0.484 -0.889 -0.900
1.535 -0.896 -0.481 -1.667 -0.484 -0.891 -0.901
1.536 -0.895 -0.482 -1.667 -0.483 -0.892 -0.901
1.537 -0.894 -0.483 -1.667 -0.483 -0.893 -0.902
1.537 -0.893 -0.483 -1.667 -0.483 -0.894 -0.902
1.538 -0.892 -0.484 -1.667 -0.482 -0.895 -0.903
1.538 -0.891 -0.484 -1.667 -0.482 -0.896 -0.903
1.539 -0.890 -0.485 -1.667 -0.482 -0.897 -0.903
1.539 -0.889 -0.485 -1.667 -0.481 -0.898 -0.904
1.540 -0.888 -0.486 -1.667 -0.481 -0.899 -0.904
1.541 -0.887 -0.486 -1.667 -0.481 -0.900 -0.905
1.541 -0.885 -0.487 -1.667 -0.480 -0.901 -0.905
1.542 -0.884 -0.487 -1.667 -0.480 -0.903 -0.906
1.542 -0.883 -0.488 -1.667 -0.479 -0.904 -0.906
1.543 -0.882 -0.488 -1.667 -0.479 -0.905 -0.907
1.543 -0.881 -0.489 -1.667 -0.479 -0.906 -0.907
1.544 -0.880 -0.490 -1.667 -0.478 -0.907 -0.908
1.545 -0.879 -0.490 -1.667 -0.478 -0.908 -0.908
1.545 -0.878 -0.491 -1.667 -0.477 -0.909 -0.909
1.546 -0.877 -0.491 -1.667 -0.477 -0.910 -0.909
1.546 -0.876 -0.492 -1.667 -0.477 -0.911 -0.910
1.547 -0.875 -0.492 -1.667 -0.476 -0.912 -0.910
1.547 -0.874 -0.493 -1.667 -0.476 -0.913 -0.911
1.548 -0.873 -0.493 -1.667 -0.475 -0.915 -0.911
1.548 -0.872 -0.494 -1.667 -0.475 -0.916 -0.912
1.549 -0.871 -0.494 -1.667 -0.475 -0.917 -0.912
1.550 -0.870 -0.495 -1.667 -0.474 -0.918 -0.913
1.550 -0.869 -0.495 -1.667 -0.474 -0.919 -0.913
1.551 -0.867 -0.495 -1.667 -0.473 -0.920 -0.914
1.551 -0.866 -0.496 -1.667 -0.473 -0.921 -0.914
1.552 -0.865 -0.496 -1.667 -0.472 -0.922 -0.915
1.552 -0.864 -0.497 -1.667 -0.472 -0.923 -0.915
1.553 -0.863 -0.497 -1.667 -0.472 -0.924 -0.916
1.553 -0.862 -0.498 -1.667 -0.471 -0.925 -0.916
1.554 -0.861 -0.498 -1.667 -0.471 -0.926 -0.917
1.554 -0.860 -0.499 -1.667 -0.470 -0.927 -0.917
1.555 -0.859 -0.499 -1.667 -0.470 -0.929 -0.918
1.555 -0.858 -0.500 -1.667 -0.469 -0.930 -0.918
1.556 -0.857 -0.500 -1.667 -0.469 -0.931 -0.919
1.556 -0.856 -0.501 -1.667 -0.468 -0.932 -0.919
1.557 -0.855 -0.501 -1.667 -0.468 -0.933 -0.920
1.558 -0.853 -0.501 -1.667 -0.467 -0.934 -0.920
1.558 -0.852 -0.502 -1.667 -0.467 -0.935 -0.921
1.559 -0.851 -0.502 -1.667 -0.466 -0.936 -0.921
1.559 -0.850 -0.503 -1.667 -0.466 -0.937 -0.922
1.560 -0.849 -0.503 -1.667 -0.465 -0.938 -0.922
1.560 -0.848 -0.504 -1.667 -0.465 -0.939 -0.923
1.561 -0.847 -0.504 -1.667 -0.464 -0.940 -0.923
1.561 -0.846 -0.504 -1.667 -0.464 -0.941 -0.924
1.562 -0.845 -0.505 -1.667 -0.464 -0.942 -0.924
1.562 -0.844 -0.505 -1.667 -0.463 -0.943 -0.925
1.563 -0.843 -0.506 -1.667 -0.462 -0.944 -0.925
1.563 -0.841 -0.506 -1.667 -0.462 -0.946 -0.926
1.564 -0.840 -0.506 -1.667 -0.461 -0.947 -0.926
1.564 -0.839 -0.507 -1.667 -0.461 -0.948 -0.927
1.565 -0.838 -0.507 -1.667 -0.460 -0.949 -0.927
1.565 -0.837 -0.508 -1.667 -0.460 -0.950 -0.928
1.566 -0.836 -0.508 -1.667 -0.459 -0.951 -0.929
1.566 -0.835 -0.508 -1.667 -0.459 -0.952 -0.929
1.567 -0.834 -0.509 -1.667 -0.458 -0.953 -0.930
1.567 -0.833 -0.509 -1.667 -0.458 -0.954 -0.930
1.568 -0.832 -0.509 -1.667 -0.457 -0.955 -0.931
1.568 -0.831 -0.510 -1.667 -0.457 -0.956 -0.931
1.569 -0.829 -0.510 -1.667 -0.456 -0.957 -0.932
1.569 -0.828 -0.511 -1.667 -0.456 -0.958 -0.932
1.570 -0.827 -0.511 -1.667 -0.455 -0.959 -0.933
1.570 -0.826 -0.511 -1.667 -0.455 -0.960 -0.933
1.570 -0.825 -0.512 -1.667 -0.454 -0.961 -0.934
1.571 -0.824 -0.512 -1.667 -0.454 -0.962 -0.935
1.571 -0.823 -0.512 -1.667 -0.453 -0.963 -0.935
1.572 -0.822 -0.513 -1.667 -0.452 -0.964 -0.936
1.572 -0.821 -0.513 -1.667 -0.452 -0.965 -0.936
1.573 -0.820 -0.513 -1.667 -0.451 -0.966 -0.937
1.573 -0.818 -0.514 -1.667 -0.451 -0.967 -0.937
1.574 -0.817 -0.514 -1.667 -0.450 -0.968 -0.938
1.574 -0.816 -0.514 -1.667 -0.450 -0.969 -0.939
1.575 -0.815 -0.515 -1.667 -0.449 -0.970 -0.939
1.575 -0.814 -0.515 -1.667 -0.448 -0.971 -0.940
1.576 -0.813 -0.515 -1.667 -0.448 -0.972 -0.940
1.576 -0.812 -0.515 -1.667 -0.447 -0.973 -0.941
1.577 -0.811 -0.516 -1.667 -0.447 -0.975 -0.941
1.577 -0.810 -0.516 -1.667 -0.446 -0.976 -0.942
1.577 -0.809 -0.516 -1.667 -0.446 -0.977 -0.943
1.578 -0.807 -0.517 -1.667 -0.445 -0.978 -0.943
1.578 -0.806 -0.517 -1.667 -0.444 -0.979 -0.944
1.579 -0.805 -0.517 -1.667 -0.444 -0.980 -0.944
1.579 -0.804 -0.517 -1.667 -0.443 -0.981 -0.945
1.580 -0.803 -0.518 -1.667 -0.443 -0.982 -0.945
1.580 -0.802 -0.518 -1.667 -0.442 -0.983 -0.946
1.580 -0.801 -0.518 -1.667 -0.441 -0.984 -0.947
1.581 -0.800 -0.519 -1.667 -0.441 -0.985 -0.947
1.581 -0.799 -0.519 -1.667 -0.440 -0.986 -0.948
1.582 -0.797 -0.519 -1.667 -0.439 -0.987 -0.948
1.582 -0.796 -0.519 -1.667 -0.439 -0.988 -0.949
1.583 -0.795 -0.519 -1.667 -0.438 -0.989 -0.950
1.583 -0.794 -0.520 -1.667 -0.438 -0.990 -0.950
1.583 -0.793 -0.520 -1.667 -0.437 -0.991 -0.951
1.584 -0.792 -0.520 -1.667 -0.436 -0.992 -0.951
1.584 -0.791 -0.520 -1.667 -0.436 -0.993 -0.952
1.585 -0.790 -0.521 -1.667 -0.435 -0.994 -0.953
1.585 -0.789 -0.521 -1.667 -0.434 -0.995 -0.953
1.586 -0.787 -0.521 -1.667 -0.434 -0.996 -0.954
1.586 -0.786 -0.521 -1.667 -0.433 -0.997 -0.954
1.586 -0.785 -0.521 -1.667 -0.433 -0.998 -0.955
1.587 -0.784 -0.522 -1.667 -0.432 -0.998 -0.956
1.587 -0.783 -0.522 -1.667 -0.431 -0.999 -0.956
1.588 -0.782 -0.522 -1.667 -0.431 -1.000 -0.957
1.588 -0.781 -0.522 -1.667 -0.430 -1.001 -0.957
1.588 -0.780 -0.522 -1.667 -0.429 -1.002 -0.958
1.589 -0.779 -0.523 -1.667 -0.429 -1.003 -0.959
1.589 -0.777 -0.523 -1.667 -0.428 -1.004 -0.959
1.590 -0.776 -0.523 -1.667 -0.427 -1.005 -0.960
1.590 -0.775 -0.523 -1.667 -0.427 -1.006 -0.961
1.590 -0.774 -0.523 -1.667 -0.426 -1.007 -0.961
1.591 -0.773 -0.523 -1.667 -0.425 -1.008 -0.962
1.591 -0.772 -0.524 -1.667 -0.425 -1.009 -0.962
1.591 -0.771 -0.524 -1.667 -0.424 -1.010 -0.963
1.592 -0.770 -0.524 -1.667 -0.423 -1.011 -0.964
1.592 -0.769 -0.524 -1.667 -0.423 -1.012 -0.964
1.593 -0.767 -0.524 -1.667 -0.422 -1.013 -0.965
1.593 -0.766 -0.524 -1.667 -0.421 -1.014 -0.966
1.593 -0.765 -0.524 -1.667 -0.420 -1.015 -0.966
1.594 -0.764 -0.525 -1.667 -0.420 -1.016 -0.967
1.594 -0.762 -0.525 -1.667 -0.419 -1.017 -0.968
1.595 -0.761 -0.525 -1.667 -0.418 -1.019 -0.969
1.595 -0.759 -0.525 -1.667 -0.417 -1.020 -0.970
1.596 -0.758 -0.525 -1.667 -0.416 -1.021 -0.971
1.596 -0.756 -0.525 -1.667 -0.415 -1.022 -0.971
1.597 -0.755 -0.525 -1.667 -0.414 -1.024 -0.972
1.597 -0.754 -0.525 -1.667 -0.413 -1.025 -0.973
1.598 -0.752 -0.526 -1.667 -0.412 -1.026 -0.974
1.598 -0.751 -0.526 -1.667 -0.412 -1.027 -0.975
1.598 -0.750 -0.526 -1.667 -0.411 -1.028 -0.975
1.599 -0.749 -0.526 -1.667 -0.410 -1.029 -0.976
1.599 -0.748 -0.526 -1.667 -0.410 -1.030 -0.977
1.599 -0.747 -0.526 -1.667 -0.409 -1.030 -0.977
1.599 -0.746 -0.526 -1.667 -0.409 -1.031 -0.977
1.600 -0.746 -0.526 -1.667 -0.408 -1.031 -0.978
1.600 -0.745 -0.526 -1.667 -0.408 -1.032 -0.978
1.600 -0.745 -0.526 -1.667 -0.408 -1.032 -0.978
1.600 -0.745 -0.526 -1.667 -0.408 -1.032 -0.978
